80	107	8	0.8
0	6.29877	-75.54525	91.42
1	6.29877	-75.54525	0
2	6.29877	-75.54525	27.43
3	6.29877	-75.54525	0
4	6.29877	-75.54525	97.52
5	6.29877	-75.54525	0
6	6.29877	-75.54525	85.49
7	6.29877	-75.54525	43.83
8	6.29877	-75.54525	192
9	6.29877	-75.54525	6.26
10	6.29877	-75.54525	0
11	6.29877	-75.54525	0
12	6.29877	-75.54525	0
13	6.29877	-75.54525	0
14	6.29877	-75.54525	0
15	6.29877	-75.54525	0
16	6.29877	-75.54525	0
17	6.29877	-75.54525	221.7
18	6.29877	-75.54525	126.72
19	6.29877	-75.54525	0
20	6.29877	-75.54525	0
21	6.29877	-75.54525	0
22	6.29877	-75.54525	0
23	6.29877	-75.54525	255.98
24	6.29877	-75.54525	0
25	6.29877	-75.54525	93.81
26	6.29877	-75.54525	0
27	6.29877	-75.54525	48.76
28	6.29877	-75.54525	0
29	6.29877	-75.54525	42
30	6.29877	-75.54525	0
31	6.29877	-75.54525	0
32	6.29877	-75.54525	0
33	6.29877	-75.54525	0
34	6.29877	-75.54525	0
35	6.29877	-75.54525	0
36	6.29877	-75.54525	14.34
37	6.29877	-75.54525	0
38	6.29877	-75.54525	321.02
39	6.29877	-75.54525	87.57
40	6.29877	-75.54525	0
41	6.29877	-75.54525	0
42	6.29877	-75.54525	0
43	6.29877	-75.54525	73.14
44	6.29877	-75.54525	0
45	6.29877	-75.54525	0.85
46	6.29877	-75.54525	0
47	6.29877	-75.54525	36.57
48	6.29877	-75.54525	0
49	6.29877	-75.54525	54
50	6.29877	-75.54525	413.75
51	6.29877	-75.54525	54
52	6.29877	-75.54525	141.75
53	6.29877	-75.54525	48
54	6.29877	-75.54525	0
55	6.29877	-75.54525	54
56	6.29877	-75.54525	147.36
57	6.29877	-75.54525	24.38
58	6.29877	-75.54525	45.71
59	6.29877	-75.54525	0
60	6.29877	-75.54525	146.27
61	6.29877	-75.54525	144
62	6.29877	-75.54525	87
63	6.29877	-75.54525	20.2
64	6.29877	-75.54525	0
65	6.29877	-75.54525	0.85
66	6.29877	-75.54525	0
67	6.29877	-75.54525	153
68	6.29877	-75.54525	53.47
69	6.29877	-75.54525	56.49
70	6.29877	-75.54525	0
71	6.29877	-75.54525	54.85
72	6.29877	-75.54525	24
73	6.29877	-75.54525	20
74	6.29877	-75.54525	0
75	6.29877	-75.54525	50.5
76	6.29877	-75.54525	0
77	6.29877	-75.54525	0
78	6.29877	-75.54525	25.25
79	6.29877	-75.54525	0
80	6.29877	-75.54525	0
81	6.29877	-75.54525	42
82	6.29877	-75.54525	0
83	6.29877	-75.54525	126
84	6.29877	-75.54525	0
85	6.29877	-75.54525	0
86	6.29877	-75.54525	0
87	6.29877	-75.54525	94.14
88	6.29877	-75.54525	60.76
89	6.29877	-75.54525	60.95
90	6.29877	-75.54525	0
91	6.29877	-75.54525	0
92	6.29877	-75.54525	50.5
93	6.29877	-75.54525	0
94	6.29877	-75.54525	0
95	6.29877	-75.54525	0
96	6.29877	-75.54525	0
97	6.29877	-75.54525	0
98	6.29877	-75.54525	227.63
99	6.29877	-75.54525	240.38
100	6.29877	-75.54525	15.24
101	6.29877	-75.54525	54.85
102	6.29877	-75.54525	0
103	6.29877	-75.54525	46.37
104	6.29877	-75.54525	27.43
105	6.29877	-75.54525	0
106	6.29877	-75.54525	60.73
1	1	1	1	1	1	1	1	1	1	1	1	1	1	1	1	1	1	1	1	1	1	1	1	1	1	1	1	1	1	1	1	1	1	1	1	1	1	1	1	1	1	1	1	1	1	1	1	1	1	1	1	1	1	1	1	1	1	1	1	1	1	1	1	1	1	1	1	1	1	1	1	1	1	1	1	1	1	1	1	1	1	1	1	1	1	1	1	1	1	1	1	1	1	1	1	1	1	1	1	1	1	1	1	1	1	1
1	1	1	1	1	1	1	1	1	1	1	1	1	1	1	1	1	1	1	1	1	1	1	1	1	1	1	1	1	1	1	1	1	1	1	1	1	1	1	1	1	1	1	1	1	1	1	1	1	1	1	1	1	1	1	1	1	1	1	1	1	1	1	1	1	1	1	1	1	1	1	1	1	1	1	1	1	1	1	1	1	1	1	1	1	1	1	1	1	1	1	1	1	1	1	1	1	1	1	1	1	1	1	1	1	1	1
1	1	1	1	1	1	1	1	1	1	1	1	1	1	1	1	1	1	1	1	1	1	1	1	1	1	1	1	1	1	1	1	1	1	1	1	1	1	1	1	1	1	1	1	1	1	1	1	1	1	1	1	1	1	1	1	1	1	1	1	1	1	1	1	1	1	1	1	1	1	1	1	1	1	1	1	1	1	1	1	1	1	1	1	1	1	1	1	1	1	1	1	1	1	1	1	1	1	1	1	1	1	1	1	1	1	1
1	1	1	1	1	1	1	1	1	1	1	1	1	1	1	1	1	1	1	1	1	1	1	1	1	1	1	1	1	1	1	1	1	1	1	1	1	1	1	1	1	1	1	1	1	1	1	1	1	1	1	1	1	1	1	1	1	1	1	1	1	1	1	1	1	1	1	1	1	1	1	1	1	1	1	1	1	1	1	1	1	1	1	1	1	1	1	1	1	1	1	1	1	1	1	1	1	1	1	1	1	1	1	1	1	1	1
1	1	1	1	1	1	1	1	1	1	1	1	1	1	1	1	1	1	1	1	1	1	1	1	1	1	1	1	1	1	1	1	1	1	1	1	1	1	1	1	1	1	1	1	1	1	1	1	1	1	1	1	1	1	1	1	1	1	1	1	1	1	1	1	1	1	1	1	1	1	1	1	1	1	1	1	1	1	1	1	1	1	1	1	1	1	1	1	1	1	1	1	1	1	1	1	1	1	1	1	1	1	1	1	1	1	1
1	1	1	1	1	1	1	1	1	1	1	1	1	1	1	1	1	1	1	1	1	1	1	1	1	1	1	1	1	1	1	1	1	1	1	1	1	1	1	1	1	1	1	1	1	1	1	1	1	1	1	1	1	1	1	1	1	1	1	1	1	1	1	1	1	1	1	1	1	1	1	1	1	1	1	1	1	1	1	1	1	1	1	1	1	1	1	1	1	1	1	1	1	1	1	1	1	1	1	1	1	1	1	1	1	1	1
1	1	1	1	1	1	1	1	1	1	1	1	1	1	1	1	1	1	1	1	1	1	1	1	1	1	1	1	1	1	1	1	1	1	1	1	1	1	1	1	1	1	1	1	1	1	1	1	1	1	1	1	1	1	1	1	1	1	1	1	1	1	1	1	1	1	1	1	1	1	1	1	1	1	1	1	1	1	1	1	1	1	1	1	1	1	1	1	1	1	1	1	1	1	1	1	1	1	1	1	1	1	1	1	1	1	1
1	1	1	1	1	1	1	1	1	1	1	1	1	1	1	1	1	1	1	1	1	1	1	1	1	1	1	1	1	1	1	1	1	1	1	1	1	1	1	1	1	1	1	1	1	1	1	1	1	1	1	1	1	1	1	1	1	1	1	1	1	1	1	1	1	1	1	1	1	1	1	1	1	1	1	1	1	1	1	1	1	1	1	1	1	1	1	1	1	1	1	1	1	1	1	1	1	1	1	1	1	1	1	1	1	1	1
1	1	1	1	1	1	1	1	1	1	1	1	1	1	1	1	1	1	1	1	1	1	1	1	1	1	1	1	1	1	1	1	1	1	1	1	1	1	1	1	1	1	1	1	1	1	1	1	1	1	1	1	1	1	1	1	1	1	1	1	1	1	1	1	1	1	1	1	1	1	1	1	1	1	1	1	1	1	1	1	1	1	1	1	1	1	1	1	1	1	1	1	1	1	1	1	1	1	1	1	1	1	1	1	1	1	1
1	1	1	1	1	1	1	1	1	1	1	1	1	1	1	1	1	1	1	1	1	1	1	1	1	1	1	1	1	1	1	1	1	1	1	1	1	1	1	1	1	1	1	1	1	1	1	1	1	1	1	1	1	1	1	1	1	1	1	1	1	1	1	1	1	1	1	1	1	1	1	1	1	1	1	1	1	1	1	1	1	1	1	1	1	1	1	1	1	1	1	1	1	1	1	1	1	1	1	1	1	1	1	1	1	1	1
1	1	1	1	1	1	1	1	1	1	1	1	1	1	1	1	1	1	1	1	1	1	1	1	1	1	1	1	1	1	1	1	1	1	1	1	1	1	1	1	1	1	1	1	1	1	1	1	1	1	1	1	1	1	1	1	1	1	1	1	1	1	1	1	1	1	1	1	1	1	1	1	1	1	1	1	1	1	1	1	1	1	1	1	1	1	1	1	1	1	1	1	1	1	1	1	1	1	1	1	1	1	1	1	1	1	1
1	1	1	1	1	1	1	1	1	1	1	1	1	1	1	1	1	1	1	1	1	1	1	1	1	1	1	1	1	1	1	1	1	1	1	1	1	1	1	1	1	1	1	1	1	1	1	1	1	1	1	1	1	1	1	1	1	1	1	1	1	1	1	1	1	1	1	1	1	1	1	1	1	1	1	1	1	1	1	1	1	1	1	1	1	1	1	1	1	1	1	1	1	1	1	1	1	1	1	1	1	1	1	1	1	1	1
1	1	1	1	1	1	1	1	1	1	1	1	1	1	1	1	1	1	1	1	1	1	1	1	1	1	1	1	1	1	1	1	1	1	1	1	1	1	1	1	1	1	1	1	1	1	1	1	1	1	1	1	1	1	1	1	1	1	1	1	1	1	1	1	1	1	1	1	1	1	1	1	1	1	1	1	1	1	1	1	1	1	1	1	1	1	1	1	1	1	1	1	1	1	1	1	1	1	1	1	1	1	1	1	1	1	1
1	1	1	1	1	1	1	1	1	1	1	1	1	1	1	1	1	1	1	1	1	1	1	1	1	1	1	1	1	1	1	1	1	1	1	1	1	1	1	1	1	1	1	1	1	1	1	1	1	1	1	1	1	1	1	1	1	1	1	1	1	1	1	1	1	1	1	1	1	1	1	1	1	1	1	1	1	1	1	1	1	1	1	1	1	1	1	1	1	1	1	1	1	1	1	1	1	1	1	1	1	1	1	1	1	1	1
1	1	1	1	1	1	1	1	1	1	1	1	1	1	1	1	1	1	1	1	1	1	1	1	1	1	1	1	1	1	1	1	1	1	1	1	1	1	1	1	1	1	1	1	1	1	1	1	1	1	1	1	1	1	1	1	1	1	1	1	1	1	1	1	1	1	1	1	1	1	1	1	1	1	1	1	1	1	1	1	1	1	1	1	1	1	1	1	1	1	1	1	1	1	1	1	1	1	1	1	1	1	1	1	1	1	1
1	1	1	1	1	1	1	1	1	1	1	1	1	1	1	1	1	1	1	1	1	1	1	1	1	1	1	1	1	1	1	1	1	1	1	1	1	1	1	1	1	1	1	1	1	1	1	1	1	1	1	1	1	1	1	1	1	1	1	1	1	1	1	1	1	1	1	1	1	1	1	1	1	1	1	1	1	1	1	1	1	1	1	1	1	1	1	1	1	1	1	1	1	1	1	1	1	1	1	1	1	1	1	1	1	1	1
1	1	1	1	1	1	1	1	1	1	1	1	1	1	1	1	1	1	1	1	1	1	1	1	1	1	1	1	1	1	1	1	1	1	1	1	1	1	1	1	1	1	1	1	1	1	1	1	1	1	1	1	1	1	1	1	1	1	1	1	1	1	1	1	1	1	1	1	1	1	1	1	1	1	1	1	1	1	1	1	1	1	1	1	1	1	1	1	1	1	1	1	1	1	1	1	1	1	1	1	1	1	1	1	1	1	1
1	1	1	1	1	1	1	1	1	1	1	1	1	1	1	1	1	1	1	1	1	1	1	1	1	1	1	1	1	1	1	1	1	1	1	1	1	1	1	1	1	1	1	1	1	1	1	1	1	1	1	1	1	1	1	1	1	1	1	1	1	1	1	1	1	1	1	1	1	1	1	1	1	1	1	1	1	1	1	1	1	1	1	1	1	1	1	1	1	1	1	1	1	1	1	1	1	1	1	1	1	1	1	1	1	1	1
1	1	1	1	1	1	1	1	1	1	1	1	1	1	1	1	1	1	1	1	1	1	1	1	1	1	1	1	1	1	1	1	1	1	1	1	1	1	1	1	1	1	1	1	1	1	1	1	1	1	1	1	1	1	1	1	1	1	1	1	1	1	1	1	1	1	1	1	1	1	1	1	1	1	1	1	1	1	1	1	1	1	1	1	1	1	1	1	1	1	1	1	1	1	1	1	1	1	1	1	1	1	1	1	1	1	1
1	1	1	1	1	1	1	1	1	1	1	1	1	1	1	1	1	1	1	1	1	1	1	1	1	1	1	1	1	1	1	1	1	1	1	1	1	1	1	1	1	1	1	1	1	1	1	1	1	1	1	1	1	1	1	1	1	1	1	1	1	1	1	1	1	1	1	1	1	1	1	1	1	1	1	1	1	1	1	1	1	1	1	1	1	1	1	1	1	1	1	1	1	1	1	1	1	1	1	1	1	1	1	1	1	1	1
1	1	1	1	1	1	1	1	1	1	1	1	1	1	1	1	1	1	1	1	1	1	1	1	1	1	1	1	1	1	1	1	1	1	1	1	1	1	1	1	1	1	1	1	1	1	1	1	1	1	1	1	1	1	1	1	1	1	1	1	1	1	1	1	1	1	1	1	1	1	1	1	1	1	1	1	1	1	1	1	1	1	1	1	1	1	1	1	1	1	1	1	1	1	1	1	1	1	1	1	1	1	1	1	1	1	1
1	1	1	1	1	1	1	1	1	1	1	1	1	1	1	1	1	1	1	1	1	1	1	1	1	1	1	1	1	1	1	1	1	1	1	1	1	1	1	1	1	1	1	1	1	1	1	1	1	1	1	1	1	1	1	1	1	1	1	1	1	1	1	1	1	1	1	1	1	1	1	1	1	1	1	1	1	1	1	1	1	1	1	1	1	1	1	1	1	1	1	1	1	1	1	1	1	1	1	1	1	1	1	1	1	1	1
1	1	1	1	1	1	1	1	1	1	1	1	1	1	1	1	1	1	1	1	1	1	1	1	1	1	1	1	1	1	1	1	1	1	1	1	1	1	1	1	1	1	1	1	1	1	1	1	1	1	1	1	1	1	1	1	1	1	1	1	1	1	1	1	1	1	1	1	1	1	1	1	1	1	1	1	1	1	1	1	1	1	1	1	1	1	1	1	1	1	1	1	1	1	1	1	1	1	1	1	1	1	1	1	1	1	1
1	1	1	1	1	1	1	1	1	1	1	1	1	1	1	1	1	1	1	1	1	1	1	1	1	1	1	1	1	1	1	1	1	1	1	1	1	1	1	1	1	1	1	1	1	1	1	1	1	1	1	1	1	1	1	1	1	1	1	1	1	1	1	1	1	1	1	1	1	1	1	1	1	1	1	1	1	1	1	1	1	1	1	1	1	1	1	1	1	1	1	1	1	1	1	1	1	1	1	1	1	1	1	1	1	1	1
1	1	1	1	1	1	1	1	1	1	1	1	1	1	1	1	1	1	1	1	1	1	1	1	1	1	1	1	1	1	1	1	1	1	1	1	1	1	1	1	1	1	1	1	1	1	1	1	1	1	1	1	1	1	1	1	1	1	1	1	1	1	1	1	1	1	1	1	1	1	1	1	1	1	1	1	1	1	1	1	1	1	1	1	1	1	1	1	1	1	1	1	1	1	1	1	1	1	1	1	1	1	1	1	1	1	1
1	1	1	1	1	1	1	1	1	1	1	1	1	1	1	1	1	1	1	1	1	1	1	1	1	1	1	1	1	1	1	1	1	1	1	1	1	1	1	1	1	1	1	1	1	1	1	1	1	1	1	1	1	1	1	1	1	1	1	1	1	1	1	1	1	1	1	1	1	1	1	1	1	1	1	1	1	1	1	1	1	1	1	1	1	1	1	1	1	1	1	1	1	1	1	1	1	1	1	1	1	1	1	1	1	1	1
1	1	1	1	1	1	1	1	1	1	1	1	1	1	1	1	1	1	1	1	1	1	1	1	1	1	1	1	1	1	1	1	1	1	1	1	1	1	1	1	1	1	1	1	1	1	1	1	1	1	1	1	1	1	1	1	1	1	1	1	1	1	1	1	1	1	1	1	1	1	1	1	1	1	1	1	1	1	1	1	1	1	1	1	1	1	1	1	1	1	1	1	1	1	1	1	1	1	1	1	1	1	1	1	1	1	1
1	1	1	1	1	1	1	1	1	1	1	1	1	1	1	1	1	1	1	1	1	1	1	1	1	1	1	1	1	1	1	1	1	1	1	1	1	1	1	1	1	1	1	1	1	1	1	1	1	1	1	1	1	1	1	1	1	1	1	1	1	1	1	1	1	1	1	1	1	1	1	1	1	1	1	1	1	1	1	1	1	1	1	1	1	1	1	1	1	1	1	1	1	1	1	1	1	1	1	1	1	1	1	1	1	1	1
1	1	1	1	1	1	1	1	1	1	1	1	1	1	1	1	1	1	1	1	1	1	1	1	1	1	1	1	1	1	1	1	1	1	1	1	1	1	1	1	1	1	1	1	1	1	1	1	1	1	1	1	1	1	1	1	1	1	1	1	1	1	1	1	1	1	1	1	1	1	1	1	1	1	1	1	1	1	1	1	1	1	1	1	1	1	1	1	1	1	1	1	1	1	1	1	1	1	1	1	1	1	1	1	1	1	1
1	1	1	1	1	1	1	1	1	1	1	1	1	1	1	1	1	1	1	1	1	1	1	1	1	1	1	1	1	1	1	1	1	1	1	1	1	1	1	1	1	1	1	1	1	1	1	1	1	1	1	1	1	1	1	1	1	1	1	1	1	1	1	1	1	1	1	1	1	1	1	1	1	1	1	1	1	1	1	1	1	1	1	1	1	1	1	1	1	1	1	1	1	1	1	1	1	1	1	1	1	1	1	1	1	1	1
1	1	1	1	1	1	1	1	1	1	1	1	1	1	1	1	1	1	1	1	1	1	1	1	1	1	1	1	1	1	1	1	1	1	1	1	1	1	1	1	1	1	1	1	1	1	1	1	1	1	1	1	1	1	1	1	1	1	1	1	1	1	1	1	1	1	1	1	1	1	1	1	1	1	1	1	1	1	1	1	1	1	1	1	1	1	1	1	1	1	1	1	1	1	1	1	1	1	1	1	1	1	1	1	1	1	1
1	1	1	1	1	1	1	1	1	1	1	1	1	1	1	1	1	1	1	1	1	1	1	1	1	1	1	1	1	1	1	1	1	1	1	1	1	1	1	1	1	1	1	1	1	1	1	1	1	1	1	1	1	1	1	1	1	1	1	1	1	1	1	1	1	1	1	1	1	1	1	1	1	1	1	1	1	1	1	1	1	1	1	1	1	1	1	1	1	1	1	1	1	1	1	1	1	1	1	1	1	1	1	1	1	1	1
1	1	1	1	1	1	1	1	1	1	1	1	1	1	1	1	1	1	1	1	1	1	1	1	1	1	1	1	1	1	1	1	1	1	1	1	1	1	1	1	1	1	1	1	1	1	1	1	1	1	1	1	1	1	1	1	1	1	1	1	1	1	1	1	1	1	1	1	1	1	1	1	1	1	1	1	1	1	1	1	1	1	1	1	1	1	1	1	1	1	1	1	1	1	1	1	1	1	1	1	1	1	1	1	1	1	1
1	1	1	1	1	1	1	1	1	1	1	1	1	1	1	1	1	1	1	1	1	1	1	1	1	1	1	1	1	1	1	1	1	1	1	1	1	1	1	1	1	1	1	1	1	1	1	1	1	1	1	1	1	1	1	1	1	1	1	1	1	1	1	1	1	1	1	1	1	1	1	1	1	1	1	1	1	1	1	1	1	1	1	1	1	1	1	1	1	1	1	1	1	1	1	1	1	1	1	1	1	1	1	1	1	1	1
1	1	1	1	1	1	1	1	1	1	1	1	1	1	1	1	1	1	1	1	1	1	1	1	1	1	1	1	1	1	1	1	1	1	1	1	1	1	1	1	1	1	1	1	1	1	1	1	1	1	1	1	1	1	1	1	1	1	1	1	1	1	1	1	1	1	1	1	1	1	1	1	1	1	1	1	1	1	1	1	1	1	1	1	1	1	1	1	1	1	1	1	1	1	1	1	1	1	1	1	1	1	1	1	1	1	1
1	1	1	1	1	1	1	1	1	1	1	1	1	1	1	1	1	1	1	1	1	1	1	1	1	1	1	1	1	1	1	1	1	1	1	1	1	1	1	1	1	1	1	1	1	1	1	1	1	1	1	1	1	1	1	1	1	1	1	1	1	1	1	1	1	1	1	1	1	1	1	1	1	1	1	1	1	1	1	1	1	1	1	1	1	1	1	1	1	1	1	1	1	1	1	1	1	1	1	1	1	1	1	1	1	1	1
1	1	1	1	1	1	1	1	1	1	1	1	1	1	1	1	1	1	1	1	1	1	1	1	1	1	1	1	1	1	1	1	1	1	1	1	1	1	1	1	1	1	1	1	1	1	1	1	1	1	1	1	1	1	1	1	1	1	1	1	1	1	1	1	1	1	1	1	1	1	1	1	1	1	1	1	1	1	1	1	1	1	1	1	1	1	1	1	1	1	1	1	1	1	1	1	1	1	1	1	1	1	1	1	1	1	1
1	1	1	1	1	1	1	1	1	1	1	1	1	1	1	1	1	1	1	1	1	1	1	1	1	1	1	1	1	1	1	1	1	1	1	1	1	1	1	1	1	1	1	1	1	1	1	1	1	1	1	1	1	1	1	1	1	1	1	1	1	1	1	1	1	1	1	1	1	1	1	1	1	1	1	1	1	1	1	1	1	1	1	1	1	1	1	1	1	1	1	1	1	1	1	1	1	1	1	1	1	1	1	1	1	1	1
1	1	1	1	1	1	1	1	1	1	1	1	1	1	1	1	1	1	1	1	1	1	1	1	1	1	1	1	1	1	1	1	1	1	1	1	1	1	1	1	1	1	1	1	1	1	1	1	1	1	1	1	1	1	1	1	1	1	1	1	1	1	1	1	1	1	1	1	1	1	1	1	1	1	1	1	1	1	1	1	1	1	1	1	1	1	1	1	1	1	1	1	1	1	1	1	1	1	1	1	1	1	1	1	1	1	1
1	1	1	1	1	1	1	1	1	1	1	1	1	1	1	1	1	1	1	1	1	1	1	1	1	1	1	1	1	1	1	1	1	1	1	1	1	1	1	1	1	1	1	1	1	1	1	1	1	1	1	1	1	1	1	1	1	1	1	1	1	1	1	1	1	1	1	1	1	1	1	1	1	1	1	1	1	1	1	1	1	1	1	1	1	1	1	1	1	1	1	1	1	1	1	1	1	1	1	1	1	1	1	1	1	1	1
1	1	1	1	1	1	1	1	1	1	1	1	1	1	1	1	1	1	1	1	1	1	1	1	1	1	1	1	1	1	1	1	1	1	1	1	1	1	1	1	1	1	1	1	1	1	1	1	1	1	1	1	1	1	1	1	1	1	1	1	1	1	1	1	1	1	1	1	1	1	1	1	1	1	1	1	1	1	1	1	1	1	1	1	1	1	1	1	1	1	1	1	1	1	1	1	1	1	1	1	1	1	1	1	1	1	1
1	1	1	1	1	1	1	1	1	1	1	1	1	1	1	1	1	1	1	1	1	1	1	1	1	1	1	1	1	1	1	1	1	1	1	1	1	1	1	1	1	1	1	1	1	1	1	1	1	1	1	1	1	1	1	1	1	1	1	1	1	1	1	1	1	1	1	1	1	1	1	1	1	1	1	1	1	1	1	1	1	1	1	1	1	1	1	1	1	1	1	1	1	1	1	1	1	1	1	1	1	1	1	1	1	1	1
1	1	1	1	1	1	1	1	1	1	1	1	1	1	1	1	1	1	1	1	1	1	1	1	1	1	1	1	1	1	1	1	1	1	1	1	1	1	1	1	1	1	1	1	1	1	1	1	1	1	1	1	1	1	1	1	1	1	1	1	1	1	1	1	1	1	1	1	1	1	1	1	1	1	1	1	1	1	1	1	1	1	1	1	1	1	1	1	1	1	1	1	1	1	1	1	1	1	1	1	1	1	1	1	1	1	1
1	1	1	1	1	1	1	1	1	1	1	1	1	1	1	1	1	1	1	1	1	1	1	1	1	1	1	1	1	1	1	1	1	1	1	1	1	1	1	1	1	1	1	1	1	1	1	1	1	1	1	1	1	1	1	1	1	1	1	1	1	1	1	1	1	1	1	1	1	1	1	1	1	1	1	1	1	1	1	1	1	1	1	1	1	1	1	1	1	1	1	1	1	1	1	1	1	1	1	1	1	1	1	1	1	1	1
1	1	1	1	1	1	1	1	1	1	1	1	1	1	1	1	1	1	1	1	1	1	1	1	1	1	1	1	1	1	1	1	1	1	1	1	1	1	1	1	1	1	1	1	1	1	1	1	1	1	1	1	1	1	1	1	1	1	1	1	1	1	1	1	1	1	1	1	1	1	1	1	1	1	1	1	1	1	1	1	1	1	1	1	1	1	1	1	1	1	1	1	1	1	1	1	1	1	1	1	1	1	1	1	1	1	1
1	1	1	1	1	1	1	1	1	1	1	1	1	1	1	1	1	1	1	1	1	1	1	1	1	1	1	1	1	1	1	1	1	1	1	1	1	1	1	1	1	1	1	1	1	1	1	1	1	1	1	1	1	1	1	1	1	1	1	1	1	1	1	1	1	1	1	1	1	1	1	1	1	1	1	1	1	1	1	1	1	1	1	1	1	1	1	1	1	1	1	1	1	1	1	1	1	1	1	1	1	1	1	1	1	1	1
1	1	1	1	1	1	1	1	1	1	1	1	1	1	1	1	1	1	1	1	1	1	1	1	1	1	1	1	1	1	1	1	1	1	1	1	1	1	1	1	1	1	1	1	1	1	1	1	1	1	1	1	1	1	1	1	1	1	1	1	1	1	1	1	1	1	1	1	1	1	1	1	1	1	1	1	1	1	1	1	1	1	1	1	1	1	1	1	1	1	1	1	1	1	1	1	1	1	1	1	1	1	1	1	1	1	1
1	1	1	1	1	1	1	1	1	1	1	1	1	1	1	1	1	1	1	1	1	1	1	1	1	1	1	1	1	1	1	1	1	1	1	1	1	1	1	1	1	1	1	1	1	1	1	1	1	1	1	1	1	1	1	1	1	1	1	1	1	1	1	1	1	1	1	1	1	1	1	1	1	1	1	1	1	1	1	1	1	1	1	1	1	1	1	1	1	1	1	1	1	1	1	1	1	1	1	1	1	1	1	1	1	1	1
1	1	1	1	1	1	1	1	1	1	1	1	1	1	1	1	1	1	1	1	1	1	1	1	1	1	1	1	1	1	1	1	1	1	1	1	1	1	1	1	1	1	1	1	1	1	1	1	1	1	1	1	1	1	1	1	1	1	1	1	1	1	1	1	1	1	1	1	1	1	1	1	1	1	1	1	1	1	1	1	1	1	1	1	1	1	1	1	1	1	1	1	1	1	1	1	1	1	1	1	1	1	1	1	1	1	1
1	1	1	1	1	1	1	1	1	1	1	1	1	1	1	1	1	1	1	1	1	1	1	1	1	1	1	1	1	1	1	1	1	1	1	1	1	1	1	1	1	1	1	1	1	1	1	1	1	1	1	1	1	1	1	1	1	1	1	1	1	1	1	1	1	1	1	1	1	1	1	1	1	1	1	1	1	1	1	1	1	1	1	1	1	1	1	1	1	1	1	1	1	1	1	1	1	1	1	1	1	1	1	1	1	1	1
1	1	1	1	1	1	1	1	1	1	1	1	1	1	1	1	1	1	1	1	1	1	1	1	1	1	1	1	1	1	1	1	1	1	1	1	1	1	1	1	1	1	1	1	1	1	1	1	1	1	1	1	1	1	1	1	1	1	1	1	1	1	1	1	1	1	1	1	1	1	1	1	1	1	1	1	1	1	1	1	1	1	1	1	1	1	1	1	1	1	1	1	1	1	1	1	1	1	1	1	1	1	1	1	1	1	1
1	1	1	1	1	1	1	1	1	1	1	1	1	1	1	1	1	1	1	1	1	1	1	1	1	1	1	1	1	1	1	1	1	1	1	1	1	1	1	1	1	1	1	1	1	1	1	1	1	1	1	1	1	1	1	1	1	1	1	1	1	1	1	1	1	1	1	1	1	1	1	1	1	1	1	1	1	1	1	1	1	1	1	1	1	1	1	1	1	1	1	1	1	1	1	1	1	1	1	1	1	1	1	1	1	1	1
1	1	1	1	1	1	1	1	1	1	1	1	1	1	1	1	1	1	1	1	1	1	1	1	1	1	1	1	1	1	1	1	1	1	1	1	1	1	1	1	1	1	1	1	1	1	1	1	1	1	1	1	1	1	1	1	1	1	1	1	1	1	1	1	1	1	1	1	1	1	1	1	1	1	1	1	1	1	1	1	1	1	1	1	1	1	1	1	1	1	1	1	1	1	1	1	1	1	1	1	1	1	1	1	1	1	1
1	1	1	1	1	1	1	1	1	1	1	1	1	1	1	1	1	1	1	1	1	1	1	1	1	1	1	1	1	1	1	1	1	1	1	1	1	1	1	1	1	1	1	1	1	1	1	1	1	1	1	1	1	1	1	1	1	1	1	1	1	1	1	1	1	1	1	1	1	1	1	1	1	1	1	1	1	1	1	1	1	1	1	1	1	1	1	1	1	1	1	1	1	1	1	1	1	1	1	1	1	1	1	1	1	1	1
1	1	1	1	1	1	1	1	1	1	1	1	1	1	1	1	1	1	1	1	1	1	1	1	1	1	1	1	1	1	1	1	1	1	1	1	1	1	1	1	1	1	1	1	1	1	1	1	1	1	1	1	1	1	1	1	1	1	1	1	1	1	1	1	1	1	1	1	1	1	1	1	1	1	1	1	1	1	1	1	1	1	1	1	1	1	1	1	1	1	1	1	1	1	1	1	1	1	1	1	1	1	1	1	1	1	1
1	1	1	1	1	1	1	1	1	1	1	1	1	1	1	1	1	1	1	1	1	1	1	1	1	1	1	1	1	1	1	1	1	1	1	1	1	1	1	1	1	1	1	1	1	1	1	1	1	1	1	1	1	1	1	1	1	1	1	1	1	1	1	1	1	1	1	1	1	1	1	1	1	1	1	1	1	1	1	1	1	1	1	1	1	1	1	1	1	1	1	1	1	1	1	1	1	1	1	1	1	1	1	1	1	1	1
1	1	1	1	1	1	1	1	1	1	1	1	1	1	1	1	1	1	1	1	1	1	1	1	1	1	1	1	1	1	1	1	1	1	1	1	1	1	1	1	1	1	1	1	1	1	1	1	1	1	1	1	1	1	1	1	1	1	1	1	1	1	1	1	1	1	1	1	1	1	1	1	1	1	1	1	1	1	1	1	1	1	1	1	1	1	1	1	1	1	1	1	1	1	1	1	1	1	1	1	1	1	1	1	1	1	1
1	1	1	1	1	1	1	1	1	1	1	1	1	1	1	1	1	1	1	1	1	1	1	1	1	1	1	1	1	1	1	1	1	1	1	1	1	1	1	1	1	1	1	1	1	1	1	1	1	1	1	1	1	1	1	1	1	1	1	1	1	1	1	1	1	1	1	1	1	1	1	1	1	1	1	1	1	1	1	1	1	1	1	1	1	1	1	1	1	1	1	1	1	1	1	1	1	1	1	1	1	1	1	1	1	1	1
1	1	1	1	1	1	1	1	1	1	1	1	1	1	1	1	1	1	1	1	1	1	1	1	1	1	1	1	1	1	1	1	1	1	1	1	1	1	1	1	1	1	1	1	1	1	1	1	1	1	1	1	1	1	1	1	1	1	1	1	1	1	1	1	1	1	1	1	1	1	1	1	1	1	1	1	1	1	1	1	1	1	1	1	1	1	1	1	1	1	1	1	1	1	1	1	1	1	1	1	1	1	1	1	1	1	1
1	1	1	1	1	1	1	1	1	1	1	1	1	1	1	1	1	1	1	1	1	1	1	1	1	1	1	1	1	1	1	1	1	1	1	1	1	1	1	1	1	1	1	1	1	1	1	1	1	1	1	1	1	1	1	1	1	1	1	1	1	1	1	1	1	1	1	1	1	1	1	1	1	1	1	1	1	1	1	1	1	1	1	1	1	1	1	1	1	1	1	1	1	1	1	1	1	1	1	1	1	1	1	1	1	1	1
1	1	1	1	1	1	1	1	1	1	1	1	1	1	1	1	1	1	1	1	1	1	1	1	1	1	1	1	1	1	1	1	1	1	1	1	1	1	1	1	1	1	1	1	1	1	1	1	1	1	1	1	1	1	1	1	1	1	1	1	1	1	1	1	1	1	1	1	1	1	1	1	1	1	1	1	1	1	1	1	1	1	1	1	1	1	1	1	1	1	1	1	1	1	1	1	1	1	1	1	1	1	1	1	1	1	1
1	1	1	1	1	1	1	1	1	1	1	1	1	1	1	1	1	1	1	1	1	1	1	1	1	1	1	1	1	1	1	1	1	1	1	1	1	1	1	1	1	1	1	1	1	1	1	1	1	1	1	1	1	1	1	1	1	1	1	1	1	1	1	1	1	1	1	1	1	1	1	1	1	1	1	1	1	1	1	1	1	1	1	1	1	1	1	1	1	1	1	1	1	1	1	1	1	1	1	1	1	1	1	1	1	1	1
1	1	1	1	1	1	1	1	1	1	1	1	1	1	1	1	1	1	1	1	1	1	1	1	1	1	1	1	1	1	1	1	1	1	1	1	1	1	1	1	1	1	1	1	1	1	1	1	1	1	1	1	1	1	1	1	1	1	1	1	1	1	1	1	1	1	1	1	1	1	1	1	1	1	1	1	1	1	1	1	1	1	1	1	1	1	1	1	1	1	1	1	1	1	1	1	1	1	1	1	1	1	1	1	1	1	1
1	1	1	1	1	1	1	1	1	1	1	1	1	1	1	1	1	1	1	1	1	1	1	1	1	1	1	1	1	1	1	1	1	1	1	1	1	1	1	1	1	1	1	1	1	1	1	1	1	1	1	1	1	1	1	1	1	1	1	1	1	1	1	1	1	1	1	1	1	1	1	1	1	1	1	1	1	1	1	1	1	1	1	1	1	1	1	1	1	1	1	1	1	1	1	1	1	1	1	1	1	1	1	1	1	1	1
1	1	1	1	1	1	1	1	1	1	1	1	1	1	1	1	1	1	1	1	1	1	1	1	1	1	1	1	1	1	1	1	1	1	1	1	1	1	1	1	1	1	1	1	1	1	1	1	1	1	1	1	1	1	1	1	1	1	1	1	1	1	1	1	1	1	1	1	1	1	1	1	1	1	1	1	1	1	1	1	1	1	1	1	1	1	1	1	1	1	1	1	1	1	1	1	1	1	1	1	1	1	1	1	1	1	1
1	1	1	1	1	1	1	1	1	1	1	1	1	1	1	1	1	1	1	1	1	1	1	1	1	1	1	1	1	1	1	1	1	1	1	1	1	1	1	1	1	1	1	1	1	1	1	1	1	1	1	1	1	1	1	1	1	1	1	1	1	1	1	1	1	1	1	1	1	1	1	1	1	1	1	1	1	1	1	1	1	1	1	1	1	1	1	1	1	1	1	1	1	1	1	1	1	1	1	1	1	1	1	1	1	1	1
1	1	1	1	1	1	1	1	1	1	1	1	1	1	1	1	1	1	1	1	1	1	1	1	1	1	1	1	1	1	1	1	1	1	1	1	1	1	1	1	1	1	1	1	1	1	1	1	1	1	1	1	1	1	1	1	1	1	1	1	1	1	1	1	1	1	1	1	1	1	1	1	1	1	1	1	1	1	1	1	1	1	1	1	1	1	1	1	1	1	1	1	1	1	1	1	1	1	1	1	1	1	1	1	1	1	1
1	1	1	1	1	1	1	1	1	1	1	1	1	1	1	1	1	1	1	1	1	1	1	1	1	1	1	1	1	1	1	1	1	1	1	1	1	1	1	1	1	1	1	1	1	1	1	1	1	1	1	1	1	1	1	1	1	1	1	1	1	1	1	1	1	1	1	1	1	1	1	1	1	1	1	1	1	1	1	1	1	1	1	1	1	1	1	1	1	1	1	1	1	1	1	1	1	1	1	1	1	1	1	1	1	1	1
1	1	1	1	1	1	1	1	1	1	1	1	1	1	1	1	1	1	1	1	1	1	1	1	1	1	1	1	1	1	1	1	1	1	1	1	1	1	1	1	1	1	1	1	1	1	1	1	1	1	1	1	1	1	1	1	1	1	1	1	1	1	1	1	1	1	1	1	1	1	1	1	1	1	1	1	1	1	1	1	1	1	1	1	1	1	1	1	1	1	1	1	1	1	1	1	1	1	1	1	1	1	1	1	1	1	1
1	1	1	1	1	1	1	1	1	1	1	1	1	1	1	1	1	1	1	1	1	1	1	1	1	1	1	1	1	1	1	1	1	1	1	1	1	1	1	1	1	1	1	1	1	1	1	1	1	1	1	1	1	1	1	1	1	1	1	1	1	1	1	1	1	1	1	1	1	1	1	1	1	1	1	1	1	1	1	1	1	1	1	1	1	1	1	1	1	1	1	1	1	1	1	1	1	1	1	1	1	1	1	1	1	1	1
1	1	1	1	1	1	1	1	1	1	1	1	1	1	1	1	1	1	1	1	1	1	1	1	1	1	1	1	1	1	1	1	1	1	1	1	1	1	1	1	1	1	1	1	1	1	1	1	1	1	1	1	1	1	1	1	1	1	1	1	1	1	1	1	1	1	1	1	1	1	1	1	1	1	1	1	1	1	1	1	1	1	1	1	1	1	1	1	1	1	1	1	1	1	1	1	1	1	1	1	1	1	1	1	1	1	1
1	1	1	1	1	1	1	1	1	1	1	1	1	1	1	1	1	1	1	1	1	1	1	1	1	1	1	1	1	1	1	1	1	1	1	1	1	1	1	1	1	1	1	1	1	1	1	1	1	1	1	1	1	1	1	1	1	1	1	1	1	1	1	1	1	1	1	1	1	1	1	1	1	1	1	1	1	1	1	1	1	1	1	1	1	1	1	1	1	1	1	1	1	1	1	1	1	1	1	1	1	1	1	1	1	1	1
1	1	1	1	1	1	1	1	1	1	1	1	1	1	1	1	1	1	1	1	1	1	1	1	1	1	1	1	1	1	1	1	1	1	1	1	1	1	1	1	1	1	1	1	1	1	1	1	1	1	1	1	1	1	1	1	1	1	1	1	1	1	1	1	1	1	1	1	1	1	1	1	1	1	1	1	1	1	1	1	1	1	1	1	1	1	1	1	1	1	1	1	1	1	1	1	1	1	1	1	1	1	1	1	1	1	1
1	1	1	1	1	1	1	1	1	1	1	1	1	1	1	1	1	1	1	1	1	1	1	1	1	1	1	1	1	1	1	1	1	1	1	1	1	1	1	1	1	1	1	1	1	1	1	1	1	1	1	1	1	1	1	1	1	1	1	1	1	1	1	1	1	1	1	1	1	1	1	1	1	1	1	1	1	1	1	1	1	1	1	1	1	1	1	1	1	1	1	1	1	1	1	1	1	1	1	1	1	1	1	1	1	1	1
1	1	1	1	1	1	1	1	1	1	1	1	1	1	1	1	1	1	1	1	1	1	1	1	1	1	1	1	1	1	1	1	1	1	1	1	1	1	1	1	1	1	1	1	1	1	1	1	1	1	1	1	1	1	1	1	1	1	1	1	1	1	1	1	1	1	1	1	1	1	1	1	1	1	1	1	1	1	1	1	1	1	1	1	1	1	1	1	1	1	1	1	1	1	1	1	1	1	1	1	1	1	1	1	1	1	1
1	1	1	1	1	1	1	1	1	1	1	1	1	1	1	1	1	1	1	1	1	1	1	1	1	1	1	1	1	1	1	1	1	1	1	1	1	1	1	1	1	1	1	1	1	1	1	1	1	1	1	1	1	1	1	1	1	1	1	1	1	1	1	1	1	1	1	1	1	1	1	1	1	1	1	1	1	1	1	1	1	1	1	1	1	1	1	1	1	1	1	1	1	1	1	1	1	1	1	1	1	1	1	1	1	1	1
1	1	1	1	1	1	1	1	1	1	1	1	1	1	1	1	1	1	1	1	1	1	1	1	1	1	1	1	1	1	1	1	1	1	1	1	1	1	1	1	1	1	1	1	1	1	1	1	1	1	1	1	1	1	1	1	1	1	1	1	1	1	1	1	1	1	1	1	1	1	1	1	1	1	1	1	1	1	1	1	1	1	1	1	1	1	1	1	1	1	1	1	1	1	1	1	1	1	1	1	1	1	1	1	1	1	1
1	1	1	1	1	1	1	1	1	1	1	1	1	1	1	1	1	1	1	1	1	1	1	1	1	1	1	1	1	1	1	1	1	1	1	1	1	1	1	1	1	1	1	1	1	1	1	1	1	1	1	1	1	1	1	1	1	1	1	1	1	1	1	1	1	1	1	1	1	1	1	1	1	1	1	1	1	1	1	1	1	1	1	1	1	1	1	1	1	1	1	1	1	1	1	1	1	1	1	1	1	1	1	1	1	1	1
1	1	1	1	1	1	1	1	1	1	1	1	1	1	1	1	1	1	1	1	1	1	1	1	1	1	1	1	1	1	1	1	1	1	1	1	1	1	1	1	1	1	1	1	1	1	1	1	1	1	1	1	1	1	1	1	1	1	1	1	1	1	1	1	1	1	1	1	1	1	1	1	1	1	1	1	1	1	1	1	1	1	1	1	1	1	1	1	1	1	1	1	1	1	1	1	1	1	1	1	1	1	1	1	1	1	1
1	1	1	1	1	1	1	1	1	1	1	1	1	1	1	1	1	1	1	1	1	1	1	1	1	1	1	1	1	1	1	1	1	1	1	1	1	1	1	1	1	1	1	1	1	1	1	1	1	1	1	1	1	1	1	1	1	1	1	1	1	1	1	1	1	1	1	1	1	1	1	1	1	1	1	1	1	1	1	1	1	1	1	1	1	1	1	1	1	1	1	1	1	1	1	1	1	1	1	1	1	1	1	1	1	1	1
1	1	1	1	1	1	1	1	1	1	1	1	1	1	1	1	1	1	1	1	1	1	1	1	1	1	1	1	1	1	1	1	1	1	1	1	1	1	1	1	1	1	1	1	1	1	1	1	1	1	1	1	1	1	1	1	1	1	1	1	1	1	1	1	1	1	1	1	1	1	1	1	1	1	1	1	1	1	1	1	1	1	1	1	1	1	1	1	1	1	1	1	1	1	1	1	1	1	1	1	1	1	1	1	1	1	1
1	1	1	1	1	1	1	1	1	1	1	1	1	1	1	1	1	1	1	1	1	1	1	1	1	1	1	1	1	1	1	1	1	1	1	1	1	1	1	1	1	1	1	1	1	1	1	1	1	1	1	1	1	1	1	1	1	1	1	1	1	1	1	1	1	1	1	1	1	1	1	1	1	1	1	1	1	1	1	1	1	1	1	1	1	1	1	1	1	1	1	1	1	1	1	1	1	1	1	1	1	1	1	1	1	1	1
1	1	1	1	1	1	1	1	1	1	1	1	1	1	1	1	1	1	1	1	1	1	1	1	1	1	1	1	1	1	1	1	1	1	1	1	1	1	1	1	1	1	1	1	1	1	1	1	1	1	1	1	1	1	1	1	1	1	1	1	1	1	1	1	1	1	1	1	1	1	1	1	1	1	1	1	1	1	1	1	1	1	1	1	1	1	1	1	1	1	1	1	1	1	1	1	1	1	1	1	1	1	1	1	1	1	1
1	1	1	1	1	1	1	1	1	1	1	1	1	1	1	1	1	1	1	1	1	1	1	1	1	1	1	1	1	1	1	1	1	1	1	1	1	1	1	1	1	1	1	1	1	1	1	1	1	1	1	1	1	1	1	1	1	1	1	1	1	1	1	1	1	1	1	1	1	1	1	1	1	1	1	1	1	1	1	1	1	1	1	1	1	1	1	1	1	1	1	1	1	1	1	1	1	1	1	1	1	1	1	1	1	1	1
1	1	1	1	1	1	1	1	1	1	1	1	1	1	1	1	1	1	1	1	1	1	1	1	1	1	1	1	1	1	1	1	1	1	1	1	1	1	1	1	1	1	1	1	1	1	1	1	1	1	1	1	1	1	1	1	1	1	1	1	1	1	1	1	1	1	1	1	1	1	1	1	1	1	1	1	1	1	1	1	1	1	1	1	1	1	1	1	1	1	1	1	1	1	1	1	1	1	1	1	1	1	1	1	1	1	1
1	1	1	1	1	1	1	1	1	1	1	1	1	1	1	1	1	1	1	1	1	1	1	1	1	1	1	1	1	1	1	1	1	1	1	1	1	1	1	1	1	1	1	1	1	1	1	1	1	1	1	1	1	1	1	1	1	1	1	1	1	1	1	1	1	1	1	1	1	1	1	1	1	1	1	1	1	1	1	1	1	1	1	1	1	1	1	1	1	1	1	1	1	1	1	1	1	1	1	1	1	1	1	1	1	1	1
1	1	1	1	1	1	1	1	1	1	1	1	1	1	1	1	1	1	1	1	1	1	1	1	1	1	1	1	1	1	1	1	1	1	1	1	1	1	1	1	1	1	1	1	1	1	1	1	1	1	1	1	1	1	1	1	1	1	1	1	1	1	1	1	1	1	1	1	1	1	1	1	1	1	1	1	1	1	1	1	1	1	1	1	1	1	1	1	1	1	1	1	1	1	1	1	1	1	1	1	1	1	1	1	1	1	1
1	1	1	1	1	1	1	1	1	1	1	1	1	1	1	1	1	1	1	1	1	1	1	1	1	1	1	1	1	1	1	1	1	1	1	1	1	1	1	1	1	1	1	1	1	1	1	1	1	1	1	1	1	1	1	1	1	1	1	1	1	1	1	1	1	1	1	1	1	1	1	1	1	1	1	1	1	1	1	1	1	1	1	1	1	1	1	1	1	1	1	1	1	1	1	1	1	1	1	1	1	1	1	1	1	1	1
1	1	1	1	1	1	1	1	1	1	1	1	1	1	1	1	1	1	1	1	1	1	1	1	1	1	1	1	1	1	1	1	1	1	1	1	1	1	1	1	1	1	1	1	1	1	1	1	1	1	1	1	1	1	1	1	1	1	1	1	1	1	1	1	1	1	1	1	1	1	1	1	1	1	1	1	1	1	1	1	1	1	1	1	1	1	1	1	1	1	1	1	1	1	1	1	1	1	1	1	1	1	1	1	1	1	1
1	1	1	1	1	1	1	1	1	1	1	1	1	1	1	1	1	1	1	1	1	1	1	1	1	1	1	1	1	1	1	1	1	1	1	1	1	1	1	1	1	1	1	1	1	1	1	1	1	1	1	1	1	1	1	1	1	1	1	1	1	1	1	1	1	1	1	1	1	1	1	1	1	1	1	1	1	1	1	1	1	1	1	1	1	1	1	1	1	1	1	1	1	1	1	1	1	1	1	1	1	1	1	1	1	1	1
1	1	1	1	1	1	1	1	1	1	1	1	1	1	1	1	1	1	1	1	1	1	1	1	1	1	1	1	1	1	1	1	1	1	1	1	1	1	1	1	1	1	1	1	1	1	1	1	1	1	1	1	1	1	1	1	1	1	1	1	1	1	1	1	1	1	1	1	1	1	1	1	1	1	1	1	1	1	1	1	1	1	1	1	1	1	1	1	1	1	1	1	1	1	1	1	1	1	1	1	1	1	1	1	1	1	1
1	1	1	1	1	1	1	1	1	1	1	1	1	1	1	1	1	1	1	1	1	1	1	1	1	1	1	1	1	1	1	1	1	1	1	1	1	1	1	1	1	1	1	1	1	1	1	1	1	1	1	1	1	1	1	1	1	1	1	1	1	1	1	1	1	1	1	1	1	1	1	1	1	1	1	1	1	1	1	1	1	1	1	1	1	1	1	1	1	1	1	1	1	1	1	1	1	1	1	1	1	1	1	1	1	1	1
1	1	1	1	1	1	1	1	1	1	1	1	1	1	1	1	1	1	1	1	1	1	1	1	1	1	1	1	1	1	1	1	1	1	1	1	1	1	1	1	1	1	1	1	1	1	1	1	1	1	1	1	1	1	1	1	1	1	1	1	1	1	1	1	1	1	1	1	1	1	1	1	1	1	1	1	1	1	1	1	1	1	1	1	1	1	1	1	1	1	1	1	1	1	1	1	1	1	1	1	1	1	1	1	1	1	1
1	1	1	1	1	1	1	1	1	1	1	1	1	1	1	1	1	1	1	1	1	1	1	1	1	1	1	1	1	1	1	1	1	1	1	1	1	1	1	1	1	1	1	1	1	1	1	1	1	1	1	1	1	1	1	1	1	1	1	1	1	1	1	1	1	1	1	1	1	1	1	1	1	1	1	1	1	1	1	1	1	1	1	1	1	1	1	1	1	1	1	1	1	1	1	1	1	1	1	1	1	1	1	1	1	1	1
1	1	1	1	1	1	1	1	1	1	1	1	1	1	1	1	1	1	1	1	1	1	1	1	1	1	1	1	1	1	1	1	1	1	1	1	1	1	1	1	1	1	1	1	1	1	1	1	1	1	1	1	1	1	1	1	1	1	1	1	1	1	1	1	1	1	1	1	1	1	1	1	1	1	1	1	1	1	1	1	1	1	1	1	1	1	1	1	1	1	1	1	1	1	1	1	1	1	1	1	1	1	1	1	1	1	1
1	1	1	1	1	1	1	1	1	1	1	1	1	1	1	1	1	1	1	1	1	1	1	1	1	1	1	1	1	1	1	1	1	1	1	1	1	1	1	1	1	1	1	1	1	1	1	1	1	1	1	1	1	1	1	1	1	1	1	1	1	1	1	1	1	1	1	1	1	1	1	1	1	1	1	1	1	1	1	1	1	1	1	1	1	1	1	1	1	1	1	1	1	1	1	1	1	1	1	1	1	1	1	1	1	1	1
1	1	1	1	1	1	1	1	1	1	1	1	1	1	1	1	1	1	1	1	1	1	1	1	1	1	1	1	1	1	1	1	1	1	1	1	1	1	1	1	1	1	1	1	1	1	1	1	1	1	1	1	1	1	1	1	1	1	1	1	1	1	1	1	1	1	1	1	1	1	1	1	1	1	1	1	1	1	1	1	1	1	1	1	1	1	1	1	1	1	1	1	1	1	1	1	1	1	1	1	1	1	1	1	1	1	1
1	1	1	1	1	1	1	1	1	1	1	1	1	1	1	1	1	1	1	1	1	1	1	1	1	1	1	1	1	1	1	1	1	1	1	1	1	1	1	1	1	1	1	1	1	1	1	1	1	1	1	1	1	1	1	1	1	1	1	1	1	1	1	1	1	1	1	1	1	1	1	1	1	1	1	1	1	1	1	1	1	1	1	1	1	1	1	1	1	1	1	1	1	1	1	1	1	1	1	1	1	1	1	1	1	1	1
1	1	1	1	1	1	1	1	1	1	1	1	1	1	1	1	1	1	1	1	1	1	1	1	1	1	1	1	1	1	1	1	1	1	1	1	1	1	1	1	1	1	1	1	1	1	1	1	1	1	1	1	1	1	1	1	1	1	1	1	1	1	1	1	1	1	1	1	1	1	1	1	1	1	1	1	1	1	1	1	1	1	1	1	1	1	1	1	1	1	1	1	1	1	1	1	1	1	1	1	1	1	1	1	1	1	1
1	1	1	1	1	1	1	1	1	1	1	1	1	1	1	1	1	1	1	1	1	1	1	1	1	1	1	1	1	1	1	1	1	1	1	1	1	1	1	1	1	1	1	1	1	1	1	1	1	1	1	1	1	1	1	1	1	1	1	1	1	1	1	1	1	1	1	1	1	1	1	1	1	1	1	1	1	1	1	1	1	1	1	1	1	1	1	1	1	1	1	1	1	1	1	1	1	1	1	1	1	1	1	1	1	1	1
1	1	1	1	1	1	1	1	1	1	1	1	1	1	1	1	1	1	1	1	1	1	1	1	1	1	1	1	1	1	1	1	1	1	1	1	1	1	1	1	1	1	1	1	1	1	1	1	1	1	1	1	1	1	1	1	1	1	1	1	1	1	1	1	1	1	1	1	1	1	1	1	1	1	1	1	1	1	1	1	1	1	1	1	1	1	1	1	1	1	1	1	1	1	1	1	1	1	1	1	1	1	1	1	1	1	1
1	1	1	1	1	1	1	1	1	1	1	1	1	1	1	1	1	1	1	1	1	1	1	1	1	1	1	1	1	1	1	1	1	1	1	1	1	1	1	1	1	1	1	1	1	1	1	1	1	1	1	1	1	1	1	1	1	1	1	1	1	1	1	1	1	1	1	1	1	1	1	1	1	1	1	1	1	1	1	1	1	1	1	1	1	1	1	1	1	1	1	1	1	1	1	1	1	1	1	1	1	1	1	1	1	1	1
1	1	1	1	1	1	1	1	1	1	1	1	1	1	1	1	1	1	1	1	1	1	1	1	1	1	1	1	1	1	1	1	1	1	1	1	1	1	1	1	1	1	1	1	1	1	1	1	1	1	1	1	1	1	1	1	1	1	1	1	1	1	1	1	1	1	1	1	1	1	1	1	1	1	1	1	1	1	1	1	1	1	1	1	1	1	1	1	1	1	1	1	1	1	1	1	1	1	1	1	1	1	1	1	1	1	1
1	1	1	1	1	1	1	1	1	1	1	1	1	1	1	1	1	1	1	1	1	1	1	1	1	1	1	1	1	1	1	1	1	1	1	1	1	1	1	1	1	1	1	1	1	1	1	1	1	1	1	1	1	1	1	1	1	1	1	1	1	1	1	1	1	1	1	1	1	1	1	1	1	1	1	1	1	1	1	1	1	1	1	1	1	1	1	1	1	1	1	1	1	1	1	1	1	1	1	1	1	1	1	1	1	1	1
1	1	1	1	1	1	1	1	1	1	1	1	1	1	1	1	1	1	1	1	1	1	1	1	1	1	1	1	1	1	1	1	1	1	1	1	1	1	1	1	1	1	1	1	1	1	1	1	1	1	1	1	1	1	1	1	1	1	1	1	1	1	1	1	1	1	1	1	1	1	1	1	1	1	1	1	1	1	1	1	1	1	1	1	1	1	1	1	1	1	1	1	1	1	1	1	1	1	1	1	1	1	1	1	1	1	1
1	1	1	1	1	1	1	1	1	1	1	1	1	1	1	1	1	1	1	1	1	1	1	1	1	1	1	1	1	1	1	1	1	1	1	1	1	1	1	1	1	1	1	1	1	1	1	1	1	1	1	1	1	1	1	1	1	1	1	1	1	1	1	1	1	1	1	1	1	1	1	1	1	1	1	1	1	1	1	1	1	1	1	1	1	1	1	1	1	1	1	1	1	1	1	1	1	1	1	1	1	1	1	1	1	1	1
1	1	1	1	1	1	1	1	1	1	1	1	1	1	1	1	1	1	1	1	1	1	1	1	1	1	1	1	1	1	1	1	1	1	1	1	1	1	1	1	1	1	1	1	1	1	1	1	1	1	1	1	1	1	1	1	1	1	1	1	1	1	1	1	1	1	1	1	1	1	1	1	1	1	1	1	1	1	1	1	1	1	1	1	1	1	1	1	1	1	1	1	1	1	1	1	1	1	1	1	1	1	1	1	1	1	1
0	0.87	0.98	2.07	1.4	1.73	1.88	2.6	2.32	2.66	2.1	2.17	3.01	3.21	2.41	3.02	3.97	2.55	2.9	2.67	3.06	3.31	2.8	3.56	2.78	3.18	2.92	5.05	4.99	8.34	7.84	8.07	3.32	7.29	4.69	7.99	7.57	7.01	6.33	5.61	6.63	7.45	7.95	7.39	8.83	8.62	7.55	7.07	8.64	7.33	6.57	8.49	6.14	7.5	7.87	8.27	7.63	7.22	8.08	8.36	8.14	7.17	7.54	6.94	7.85	6.67	7.2	7.5	8.55	7.85	5.56	8.19	8.53	7.35	7.74	7.77	6.18	7.37	8.39	7.83	5.83	6	7.82	8.39	8.04	8.38	7.79	8.62	9.81	8.98	8.62	8.54	9.11	8.16	8.62	8.69	8.18	8.44	10.71	11.01	11.2	10.53	10.23	11.06	10.31	10.45	7.89
0.87	0	0.35	1.85	0.74	1.08	1.39	2.32	1.87	2.27	1.5	1.63	2.66	2.87	1.81	2.43	3.59	1.99	2.44	2.16	2.65	2.88	2.13	3.14	2.18	2.69	2.31	4.7	4.69	8.39	7.97	8.2	3.2	7.37	4.59	8.08	7.65	7.05	6.34	5.54	6.32	7.51	7.99	7.42	8.9	8.68	7.58	7.05	8.67	7.32	6.5	8.52	6.02	7.48	7.86	8.27	7.6	7.17	8.06	8.32	8.08	7.1	7.47	6.81	7.77	6.53	7.08	7.39	8.5	7.74	5.27	8.09	8.44	7.2	7.61	7.64	5.92	7.19	8.26	7.68	5.54	5.67	7.64	8.23	7.69	8.13	7.47	8.36	9.53	8.7	8.34	8.23	8.8	7.73	8.23	8.28	7.71	7.98	10.47	10.76	10.97	10.32	9.96	10.86	10.07	10.19	7.96
0.98	0.35	0	1.5	0.45	0.79	1.05	1.97	1.53	1.93	1.2	1.31	2.32	2.53	1.51	2.13	3.25	1.68	2.11	1.84	2.32	2.55	1.86	2.81	1.89	2.37	2.02	4.36	4.35	8.06	7.64	7.88	2.85	7.04	4.25	7.75	7.31	6.72	6	5.19	5.98	7.17	7.65	7.08	8.56	8.34	7.24	6.71	8.33	6.98	6.16	8.18	5.68	7.14	7.52	7.93	7.25	6.83	7.72	7.98	7.74	6.75	7.13	6.47	7.43	6.19	6.74	7.05	8.15	7.4	4.93	7.75	8.09	6.85	7.26	7.29	5.58	6.84	7.91	7.33	5.19	5.34	7.3	7.88	7.35	7.79	7.13	8.01	9.19	8.36	7.99	7.89	8.46	7.41	7.9	7.95	7.39	7.66	10.13	10.42	10.63	9.97	9.62	10.52	9.72	9.84	7.63
2.07	1.85	1.5	0	1.25	1.1	0.7	0.54	0.6	0.68	0.95	0.81	0.97	1.15	1.02	1.35	1.92	0.97	1.01	0.93	1.07	1.32	1.43	1.54	1.21	1.28	1.33	2.99	2.93	6.57	6.19	6.42	1.35	5.56	2.75	6.28	5.83	5.23	4.51	3.69	4.57	5.69	6.16	5.59	7.08	6.85	5.74	5.21	6.84	5.48	4.66	6.68	4.18	5.64	6.02	6.43	5.75	5.33	6.21	6.48	6.23	5.25	5.62	4.97	5.92	4.69	5.24	5.55	6.65	5.9	3.5	6.25	6.59	5.36	5.76	5.8	4.13	5.36	6.42	5.84	3.77	3.94	5.81	6.39	5.98	6.34	5.73	6.57	7.75	6.93	6.56	6.48	7.05	6.11	6.56	6.63	6.14	6.39	8.67	8.97	9.17	8.5	8.18	9.04	8.27	8.4	6.15
1.4	0.74	0.45	1.25	0	0.34	0.67	1.66	1.15	1.56	0.76	0.89	1.96	2.17	1.08	1.69	2.87	1.25	1.71	1.42	1.93	2.15	1.41	2.42	1.45	1.95	1.58	3.97	3.99	7.82	7.44	7.68	2.59	6.82	3.97	7.53	7.08	6.48	5.75	4.91	5.6	6.94	7.4	6.83	8.33	8.1	6.99	6.45	8.08	6.72	5.87	7.92	5.38	6.87	7.25	7.66	6.98	6.55	7.44	7.7	7.45	6.46	6.84	6.16	7.13	5.88	6.43	6.74	7.86	7.09	4.57	7.45	7.79	6.53	6.95	6.97	5.22	6.51	7.59	7.01	4.83	4.96	6.96	7.55	6.96	7.43	6.75	7.65	8.82	7.99	7.62	7.51	8.08	6.99	7.49	7.54	6.97	7.25	9.77	10.05	10.27	9.62	9.25	10.17	9.36	9.48	7.4
1.73	1.08	0.79	1.1	0.34	0	0.42	1.42	0.86	1.28	0.42	0.57	1.68	1.89	0.73	1.35	2.56	0.92	1.39	1.1	1.63	1.84	1.07	2.1	1.11	1.62	1.24	3.66	3.69	7.6	7.26	7.49	2.37	6.62	3.73	7.34	6.88	6.27	5.54	4.68	5.29	6.73	7.18	6.61	8.12	7.89	6.77	6.22	7.86	6.49	5.63	7.7	5.12	6.64	7.02	7.43	6.74	6.31	7.21	7.46	7.2	6.22	6.59	5.9	6.88	5.61	6.17	6.48	7.62	6.83	4.27	7.19	7.54	6.26	6.68	6.7	4.92	6.23	7.32	6.74	4.53	4.64	6.68	7.28	6.64	7.13	6.43	7.35	8.51	7.68	7.32	7.2	7.77	6.66	7.16	7.21	6.64	6.91	9.47	9.75	9.97	9.32	8.94	9.88	9.06	9.17	7.19
1.88	1.39	1.05	0.7	0.67	0.42	0	1	0.48	0.89	0.32	0.3	1.29	1.5	0.56	1.14	2.2	0.67	1.05	0.8	1.27	1.5	0.99	1.76	0.91	1.32	1.05	3.31	3.32	7.19	6.84	7.08	1.96	6.2	3.32	6.92	6.46	5.85	5.12	4.26	4.93	6.31	6.77	6.2	7.7	7.47	6.35	5.8	7.45	6.08	5.22	7.28	4.72	6.22	6.61	7.02	6.33	5.9	6.79	7.05	6.79	5.81	6.18	5.49	6.48	5.21	5.76	6.08	7.21	6.43	3.9	6.78	7.13	5.86	6.28	6.31	4.55	5.84	6.93	6.34	4.16	4.29	6.29	6.88	6.3	6.76	6.08	6.98	8.15	7.32	6.95	6.85	7.41	6.35	6.84	6.9	6.34	6.61	9.1	9.38	9.6	8.95	8.58	9.5	8.69	8.81	6.77
2.6	2.32	1.97	0.54	1.66	1.42	1	0	0.61	0.32	1.12	0.94	0.44	0.61	1.03	1.08	1.38	0.87	0.63	0.72	0.58	0.83	1.32	1.02	1.04	0.86	1.12	2.45	2.4	6.18	5.86	6.09	0.96	5.2	2.32	5.93	5.47	4.85	4.12	3.26	4.04	5.31	5.77	5.2	6.7	6.47	5.35	4.8	6.44	5.08	4.22	6.28	3.72	5.22	5.6	6.01	5.33	4.9	5.79	6.05	5.79	4.81	5.18	4.5	5.48	4.22	4.77	5.08	6.21	5.44	2.98	5.79	6.14	4.88	5.29	5.32	3.61	4.87	5.94	5.36	3.24	3.41	5.32	5.91	5.44	5.83	5.2	6.05	7.24	6.41	6.04	5.95	6.52	5.57	6.02	6.1	5.6	5.85	8.16	8.45	8.66	8	7.66	8.55	7.76	7.89	5.78
2.32	1.87	1.53	0.6	1.15	0.86	0.48	0.61	0	0.42	0.51	0.33	0.82	1.03	0.44	0.79	1.72	0.36	0.59	0.38	0.79	1.02	0.83	1.28	0.62	0.86	0.74	2.83	2.84	6.77	6.47	6.7	1.57	5.81	2.89	6.53	6.07	5.45	4.71	3.83	4.45	5.91	6.35	5.79	7.29	7.06	5.94	5.38	7.03	5.66	4.78	6.86	4.27	5.8	6.18	6.59	5.89	5.47	6.36	6.61	6.35	5.36	5.74	5.04	6.03	4.76	5.31	5.62	6.76	5.98	3.42	6.33	6.68	5.4	5.82	5.85	4.07	5.38	6.47	5.88	3.68	3.81	5.82	6.42	5.82	6.28	5.6	6.5	7.67	6.84	6.48	6.37	6.93	5.88	6.36	6.42	5.88	6.14	8.62	8.91	9.12	8.47	8.1	9.03	8.21	8.33	6.37
2.66	2.27	1.93	0.68	1.56	1.28	0.89	0.32	0.42	0	0.92	0.74	0.4	0.61	0.76	0.77	1.33	0.58	0.34	0.41	0.41	0.66	1.01	0.9	0.73	0.6	0.8	2.43	2.43	6.37	6.07	6.3	1.2	5.4	2.48	6.13	5.66	5.04	4.3	3.42	4.05	5.51	5.94	5.38	6.88	6.65	5.53	4.96	6.62	5.24	4.36	6.45	3.85	5.38	5.76	6.17	5.48	5.05	5.94	6.2	5.93	4.94	5.32	4.62	5.61	4.33	4.89	5.2	6.34	5.55	3.01	5.91	6.26	4.98	5.4	5.42	3.66	4.95	6.04	5.46	3.27	3.41	5.4	6	5.43	5.87	5.2	6.09	7.26	6.43	6.07	5.96	6.53	5.51	5.98	6.05	5.52	5.78	8.21	8.49	8.71	8.05	7.69	8.61	7.8	7.92	5.97
2.1	1.5	1.2	0.95	0.76	0.42	0.32	1.12	0.51	0.92	0	0.19	1.31	1.51	0.32	0.93	2.16	0.49	0.98	0.69	1.24	1.43	0.71	1.7	0.69	1.21	0.82	3.26	3.29	7.29	6.98	7.21	2.09	6.32	3.41	7.04	6.58	5.96	5.22	4.34	4.88	6.42	6.87	6.3	7.8	7.57	6.45	5.89	7.54	6.17	5.29	7.37	4.77	6.3	6.69	7.1	6.4	5.97	6.87	7.12	6.85	5.87	6.24	5.53	6.53	5.25	5.81	6.12	7.26	6.47	3.88	6.82	7.18	5.88	6.31	6.33	4.53	5.85	6.95	6.36	4.13	4.24	6.3	6.9	6.22	6.74	6.02	6.94	8.11	7.28	6.91	6.79	7.36	6.24	6.75	6.79	6.21	6.49	9.07	9.35	9.57	8.93	8.54	9.49	8.66	8.76	6.89
2.17	1.63	1.31	0.81	0.89	0.57	0.3	0.94	0.33	0.74	0.19	0	1.13	1.33	0.27	0.84	1.99	0.37	0.82	0.53	1.06	1.27	0.71	1.54	0.61	1.06	0.75	3.09	3.12	7.1	6.79	7.02	1.9	6.13	3.22	6.85	6.39	5.77	5.04	4.15	4.72	6.24	6.68	6.11	7.62	7.39	6.26	5.7	7.35	5.98	5.1	7.19	4.59	6.12	6.5	6.91	6.21	5.79	6.68	6.93	6.66	5.68	6.06	5.35	6.34	5.07	5.62	5.94	7.08	6.29	3.71	6.64	6.99	5.7	6.13	6.15	4.36	5.68	6.77	6.19	3.96	4.08	6.12	6.72	6.07	6.57	5.86	6.78	7.94	7.11	6.75	6.63	7.2	6.1	6.6	6.65	6.08	6.36	8.91	9.19	9.41	8.76	8.38	9.32	8.49	8.6	6.7
3.01	2.66	2.32	0.97	1.96	1.68	1.29	0.44	0.82	0.4	1.31	1.13	0	0.21	1.11	0.91	0.96	0.91	0.45	0.7	0.22	0.41	1.26	0.58	0.97	0.55	1	2.05	2.03	5.99	5.73	5.96	0.91	5.05	2.11	5.77	5.3	4.67	3.94	3.04	3.66	5.14	5.57	5	6.51	6.28	5.15	4.58	6.24	4.86	3.98	6.07	3.46	5	5.38	5.79	5.09	4.67	5.56	5.81	5.54	4.56	4.93	4.22	5.22	3.94	4.5	4.81	5.95	5.16	2.61	5.51	5.86	4.58	5	5.03	3.26	4.56	5.65	5.06	2.87	3.02	5	5.6	5.05	5.47	4.81	5.69	6.87	6.04	5.67	5.57	6.14	5.15	5.61	5.68	5.17	5.43	7.81	8.1	8.31	7.66	7.3	8.21	7.4	7.52	5.61
3.21	2.87	2.53	1.15	2.17	1.89	1.5	0.61	1.03	0.61	1.51	1.33	0.21	0	1.3	1.03	0.77	1.1	0.6	0.88	0.32	0.38	1.41	0.44	1.13	0.61	1.13	1.85	1.82	5.81	5.56	5.79	0.82	4.87	1.93	5.59	5.12	4.49	3.76	2.85	3.45	4.96	5.38	4.82	6.33	6.1	4.97	4.39	6.05	4.67	3.78	5.88	3.26	4.81	5.19	5.6	4.9	4.47	5.36	5.61	5.34	4.36	4.73	4.02	5.02	3.74	4.29	4.6	5.75	4.95	2.4	5.31	5.66	4.37	4.8	4.82	3.05	4.35	5.44	4.85	2.67	2.81	4.8	5.39	4.84	5.26	4.61	5.49	6.66	5.83	5.47	5.36	5.94	4.96	5.41	5.49	4.99	5.24	7.6	7.89	8.1	7.45	7.09	8	7.19	7.32	5.43
2.41	1.81	1.51	1.02	1.08	0.73	0.56	1.03	0.44	0.76	0.32	0.27	1.11	1.3	0	0.62	1.89	0.21	0.73	0.43	1	1.17	0.44	1.43	0.38	0.92	0.51	2.98	3.03	7.11	6.83	7.06	1.96	6.16	3.22	6.88	6.41	5.79	5.05	4.15	4.61	6.25	6.68	6.12	7.63	7.39	6.27	5.7	7.35	5.97	5.08	7.18	4.56	6.11	6.49	6.9	6.2	5.77	6.67	6.91	6.63	5.66	6.03	5.31	6.31	5.02	5.58	5.89	7.05	6.24	3.61	6.6	6.95	5.65	6.08	6.1	4.27	5.61	6.72	6.12	3.86	3.96	6.05	6.65	5.93	6.47	5.74	6.67	7.83	7	6.63	6.51	7.07	5.94	6.45	6.49	5.91	6.18	8.8	9.08	9.3	8.66	8.26	9.23	8.38	8.49	6.72
3.02	2.43	2.13	1.35	1.69	1.35	1.14	1.08	0.79	0.77	0.93	0.84	0.91	1.03	0.62	0	1.4	0.47	0.48	0.42	0.71	0.74	0.43	0.97	0.24	0.45	0.14	2.45	2.55	6.76	6.56	6.78	1.82	5.86	2.91	6.58	6.1	5.47	4.73	3.8	4.07	5.93	6.34	5.78	7.29	7.05	5.92	5.33	6.99	5.61	4.7	6.82	4.16	5.73	6.12	6.52	5.81	5.39	6.28	6.51	6.22	5.25	5.63	4.88	5.89	4.59	5.15	5.46	6.63	5.8	3.12	6.16	6.51	5.19	5.63	5.64	3.77	5.14	6.25	5.66	3.35	3.42	5.57	6.17	5.36	5.94	5.18	6.14	7.28	6.45	6.09	5.95	6.51	5.34	5.86	5.9	5.3	5.58	8.27	8.54	8.77	8.13	7.71	8.71	7.84	7.94	6.4
3.97	3.59	3.25	1.92	2.87	2.56	2.2	1.38	1.72	1.33	2.16	1.99	0.96	0.77	1.89	1.4	0	1.68	1.17	1.47	0.94	0.72	1.84	0.46	1.6	0.98	1.54	1.11	1.15	5.4	5.26	5.48	1.2	4.54	1.65	5.25	4.77	4.13	3.41	2.45	2.73	4.59	4.97	4.42	5.93	5.69	4.56	3.96	5.62	4.24	3.32	5.44	2.77	4.35	4.73	5.13	4.43	4	4.89	5.12	4.82	3.86	4.23	3.47	4.49	3.19	3.75	4.05	5.23	4.4	1.73	4.76	5.11	3.78	4.22	4.24	2.38	3.74	4.85	4.26	1.98	2.09	4.17	4.78	4.1	4.58	3.88	4.79	5.95	5.12	4.76	4.64	5.21	4.19	4.65	4.72	4.22	4.47	6.92	7.19	7.42	6.77	6.38	7.34	6.5	6.61	5.06
2.55	1.99	1.68	0.97	1.25	0.92	0.67	0.87	0.36	0.58	0.49	0.37	0.91	1.1	0.21	0.47	1.68	0	0.52	0.21	0.79	0.96	0.47	1.22	0.26	0.71	0.4	2.77	2.82	6.9	6.64	6.87	1.78	5.96	3.02	6.68	6.21	5.58	4.85	3.94	4.4	6.05	6.48	5.91	7.42	7.19	6.06	5.49	7.15	5.77	4.87	6.98	4.35	5.9	6.28	6.69	5.99	5.56	6.46	6.7	6.42	5.45	5.82	5.1	6.1	4.81	5.37	5.68	6.84	6.03	3.4	6.39	6.74	5.43	5.87	5.88	4.06	5.4	6.5	5.91	3.65	3.75	5.84	6.44	5.73	6.26	5.53	6.46	7.62	6.79	6.43	6.3	6.87	5.75	6.25	6.3	5.72	5.99	8.59	8.87	9.09	8.45	8.05	9.02	8.17	8.28	6.52
2.9	2.44	2.11	1.01	1.71	1.39	1.05	0.63	0.59	0.34	0.98	0.82	0.45	0.6	0.73	0.48	1.17	0.52	0	0.3	0.28	0.45	0.82	0.72	0.53	0.28	0.55	2.27	2.31	6.4	6.16	6.39	1.36	5.47	2.53	6.19	5.72	5.09	4.35	3.44	3.9	5.56	5.98	5.41	6.92	6.69	5.56	4.98	6.64	5.26	4.36	6.47	3.84	5.39	5.78	6.18	5.48	5.05	5.95	6.19	5.91	4.93	5.31	4.58	5.59	4.3	4.86	5.17	6.32	5.52	2.89	5.87	6.22	4.92	5.35	5.37	3.55	4.88	5.99	5.4	3.15	3.26	5.33	5.93	5.25	5.75	5.04	5.96	7.13	6.3	5.93	5.81	6.38	5.3	5.79	5.84	5.29	5.56	8.09	8.37	8.59	7.94	7.56	8.51	7.67	7.78	6.02
2.67	2.16	1.84	0.93	1.42	1.1	0.8	0.72	0.38	0.41	0.69	0.53	0.7	0.88	0.43	0.42	1.47	0.21	0.3	0	0.58	0.75	0.6	1.01	0.32	0.53	0.41	2.57	2.61	6.69	6.43	6.66	1.58	5.75	2.81	6.47	6	5.37	4.64	3.73	4.2	5.84	6.27	5.7	7.21	6.98	5.85	5.27	6.93	5.55	4.66	6.76	4.13	5.69	6.07	6.48	5.78	5.35	6.24	6.49	6.21	5.23	5.61	4.88	5.89	4.6	5.16	5.47	6.62	5.82	3.2	6.17	6.52	5.22	5.65	5.67	3.85	5.18	6.29	5.7	3.45	3.55	5.63	6.23	5.54	6.05	5.34	6.26	7.42	6.59	6.23	6.11	6.67	5.57	6.07	6.12	5.55	5.82	8.39	8.67	8.89	8.24	7.85	8.81	7.97	8.08	6.31
3.06	2.65	2.32	1.07	1.93	1.63	1.27	0.58	0.79	0.41	1.24	1.06	0.22	0.32	1	0.71	0.94	0.79	0.28	0.58	0	0.26	1.09	0.5	0.81	0.33	0.81	2.04	2.06	6.12	5.88	6.11	1.11	5.19	2.24	5.91	5.44	4.81	4.07	3.16	3.66	5.27	5.7	5.13	6.64	6.41	5.28	4.7	6.36	4.98	4.08	6.19	3.56	5.11	5.49	5.9	5.2	4.77	5.67	5.91	5.63	4.65	5.03	4.31	5.31	4.02	4.58	4.89	6.05	5.24	2.64	5.6	5.95	4.65	5.08	5.1	3.3	4.62	5.72	5.13	2.9	3.02	5.06	5.66	5.03	5.5	4.81	5.72	6.89	6.06	5.69	5.58	6.15	5.11	5.58	5.65	5.11	5.38	7.84	8.12	8.34	7.69	7.32	8.25	7.43	7.54	5.74
3.31	2.88	2.55	1.32	2.15	1.84	1.5	0.83	1.02	0.66	1.43	1.27	0.41	0.38	1.17	0.74	0.72	0.96	0.45	0.75	0.26	0	1.16	0.27	0.9	0.29	0.86	1.82	1.87	6.02	5.82	6.04	1.19	5.11	2.17	5.83	5.36	4.72	3.99	3.06	3.45	5.19	5.6	5.04	6.55	6.31	5.18	4.6	6.25	4.87	3.96	6.08	3.43	5	5.38	5.78	5.08	4.65	5.55	5.78	5.5	4.53	4.9	4.16	5.17	3.87	4.43	4.74	5.91	5.09	2.45	5.45	5.8	4.49	4.92	4.94	3.11	4.45	5.56	4.96	2.7	2.81	4.89	5.49	4.81	5.3	4.59	5.51	6.68	5.84	5.48	5.36	5.93	4.86	5.35	5.4	4.86	5.13	7.64	7.92	8.14	7.5	7.11	8.06	7.22	7.33	5.66
2.8	2.13	1.86	1.43	1.41	1.07	0.99	1.32	0.83	1.01	0.71	0.71	1.26	1.41	0.44	0.43	1.84	0.47	0.82	0.6	1.09	1.16	0	1.4	0.29	0.87	0.3	2.88	2.98	7.19	6.96	7.19	2.17	6.27	3.32	6.99	6.52	5.88	5.15	4.22	4.49	6.35	6.76	6.2	7.71	7.47	6.34	5.76	7.42	6.04	5.13	7.24	4.59	6.16	6.54	6.95	6.24	5.82	6.71	6.94	6.65	5.68	6.06	5.31	6.32	5.02	5.58	5.89	7.06	6.24	3.55	6.59	6.95	5.62	6.06	6.07	4.2	5.57	6.69	6.09	3.78	3.84	6	6.61	5.76	6.37	5.59	6.56	7.7	6.87	6.51	6.37	6.92	5.72	6.25	6.28	5.66	5.94	8.69	8.95	9.19	8.56	8.13	9.13	8.26	8.35	6.82
3.56	3.14	2.81	1.54	2.42	2.1	1.76	1.02	1.28	0.9	1.7	1.54	0.58	0.44	1.43	0.97	0.46	1.22	0.72	1.01	0.5	0.27	1.4	0	1.15	0.53	1.1	1.56	1.61	5.8	5.62	5.84	1.15	4.91	1.97	5.62	5.15	4.51	3.78	2.84	3.19	4.98	5.37	4.82	6.32	6.09	4.96	4.37	6.02	4.65	3.73	5.85	3.19	4.77	5.15	5.55	4.84	4.42	5.31	5.54	5.25	4.28	4.66	3.91	4.93	3.63	4.19	4.49	5.66	4.84	2.18	5.2	5.55	4.23	4.67	4.68	2.84	4.19	5.3	4.71	2.44	2.54	4.63	5.23	4.54	5.04	4.33	5.25	6.41	5.58	5.21	5.1	5.66	4.61	5.09	5.15	4.62	4.88	7.38	7.65	7.88	7.23	6.84	7.8	6.96	7.07	5.44
2.78	2.18	1.89	1.21	1.45	1.11	0.91	1.04	0.62	0.73	0.69	0.61	0.97	1.13	0.38	0.24	1.6	0.26	0.53	0.32	0.81	0.9	0.29	1.15	0	0.62	0.14	2.67	2.75	6.91	6.68	6.91	1.88	5.99	3.05	6.71	6.24	5.61	4.87	3.95	4.29	6.07	6.49	5.93	7.44	7.2	6.07	5.49	7.15	5.77	4.86	6.98	4.33	5.9	6.28	6.68	5.98	5.55	6.45	6.68	6.4	5.43	5.8	5.06	6.07	4.77	5.33	5.64	6.81	5.99	3.32	6.35	6.7	5.38	5.82	5.83	3.98	5.33	6.45	5.86	3.56	3.64	5.77	6.38	5.59	6.16	5.41	6.36	7.51	6.68	6.32	6.18	6.74	5.58	6.1	6.14	5.54	5.82	8.49	8.76	8.99	8.35	7.94	8.92	8.07	8.17	6.54
3.18	2.69	2.37	1.28	1.95	1.62	1.32	0.86	0.86	0.6	1.21	1.06	0.55	0.61	0.92	0.45	0.98	0.71	0.28	0.53	0.33	0.29	0.87	0.53	0.62	0	0.57	2.06	2.13	6.31	6.11	6.33	1.43	5.41	2.46	6.12	5.65	5.02	4.28	3.35	3.69	5.48	5.89	5.33	6.84	6.6	5.47	4.89	6.54	5.16	4.25	6.37	3.72	5.29	5.67	6.07	5.37	4.94	5.83	6.07	5.78	4.81	5.19	4.44	5.45	4.16	4.71	5.02	6.19	5.37	2.71	5.73	6.08	4.76	5.2	5.21	3.36	4.72	5.83	5.24	2.95	3.04	5.15	5.76	5.02	5.55	4.82	5.76	6.91	6.08	5.72	5.59	6.15	5.04	5.54	5.59	5.03	5.3	7.89	8.16	8.39	7.74	7.34	8.31	7.47	7.57	5.95
2.92	2.31	2.02	1.33	1.58	1.24	1.05	1.12	0.74	0.8	0.82	0.75	1	1.13	0.51	0.14	1.54	0.4	0.55	0.41	0.81	0.86	0.3	1.1	0.14	0.57	0	2.59	2.68	6.89	6.67	6.9	1.91	5.98	3.03	6.69	6.22	5.59	4.85	3.92	4.2	6.05	6.46	5.9	7.41	7.17	6.04	5.46	7.12	5.74	4.83	6.94	4.29	5.86	6.24	6.65	5.94	5.52	6.41	6.64	6.35	5.38	5.76	5.01	6.02	4.72	5.28	5.59	6.76	5.94	3.25	6.29	6.64	5.32	5.76	5.77	3.91	5.27	6.39	5.79	3.49	3.56	5.7	6.31	5.49	6.08	5.31	6.27	7.42	6.59	6.23	6.09	6.65	5.47	5.99	6.03	5.43	5.7	8.4	8.67	8.9	8.27	7.85	8.84	7.98	8.07	6.52
