39	78	8	0.8																																																																										
0	0	0	42.00																																																																										
1	0	0	0.00																																																																										
2	0	0	0.00																																																																										
3	0	0	0.00																																																																										
4	0	0	0.00																																																																										
5	0	0	0.00																																																																										
6	0	0	0.00																																																																										
7	0	0	14.34																																																																										
8	0	0	0.00																																																																										
9	0	0	321.02																																																																										
10	0	0	87.57																																																																										
11	0	0	0.00																																																																										
12	0	0	0.00																																																																										
13	0	0	0.00																																																																										
14	0	0	73.14																																																																										
15	0	0	0.00																																																																										
16	0	0	0.85																																																																										
17	0	0	0.00																																																																										
18	0	0	36.57																																																																										
19	0	0	0.00																																																																										
20	0	0	54.00																																																																										
21	0	0	413.75																																																																										
22	0	0	54.00																																																																										
23	0	0	141.75																																																																										
24	0	0	48.00																																																																										
25	0	0	0.00																																																																										
26	0	0	54.00																																																																										
27	0	0	147.36																																																																										
28	0	0	24.38																																																																										
29	0	0	45.71																																																																										
30	0	0	0.00																																																																										
31	0	0	146.27																																																																										
32	0	0	144.00																																																																										
33	0	0	87.00																																																																										
34	0	0	20.20																																																																										
35	0	0	0.00																																																																										
36	0	0	0.85																																																																										
37	0	0	0.00																																																																										
38	0	0	153.00																																																																										
39	0	0	53.47																																																																										
40	0	0	56.49																																																																										
41	0	0	0.00																																																																										
42	0	0	54.85																																																																										
43	0	0	24.00																																																																										
44	0	0	20.00																																																																										
45	0	0	0.00																																																																										
46	0	0	50.50																																																																										
47	0	0	0.00																																																																										
48	0	0	0.00																																																																										
49	0	0	25.25																																																																										
50	0	0	0.00																																																																										
51	0	0	0.00																																																																										
52	0	0	42.00																																																																										
53	0	0	0.00																																																																										
54	0	0	126.00																																																																										
55	0	0	0.00																																																																										
56	0	0	0.00																																																																										
57	0	0	0.00																																																																										
58	0	0	94.14																																																																										
59	0	0	60.76																																																																										
60	0	0	60.95																																																																										
61	0	0	0.00																																																																										
62	0	0	0.00																																																																										
63	0	0	50.50																																																																										
64	0	0	0.00																																																																										
65	0	0	0.00																																																																										
66	0	0	0.00																																																																										
67	0	0	0.00																																																																										
68	0	0	0.00																																																																										
69	0	0	227.63																																																																										
70	0	0	240.38																																																																										
71	0	0	15.24																																																																										
72	0	0	54.85																																																																										
73	0	0	0.00																																																																										
74	0	0	46.37																																																																										
75	0	0	27.43																																																																										
76	0	0	0.00																																																																										
77	0	0	60.73																																																																										
1	1	1	1	1	1	1	1	1	1	1	1	1	1	1	1	1	1	1	1	1	1	1	1	1	1	1	1	1	1	1	1	1	1	1	1	1	1	1	1	1	1	1	1	1	1	1	1	1	1	1	1	1	1	1	1	1	1	1	1	1	1	1	1	1	1	1	1	1	1	1	1	1	1	1	1	1	1
1	1	1	1	1	1	1	1	1	1	1	1	1	1	1	1	1	1	1	1	1	1	1	1	1	1	1	1	1	1	1	1	1	1	1	1	1	1	1	1	1	1	1	1	1	1	1	1	1	1	1	1	1	1	1	1	1	1	1	1	1	1	1	1	1	1	1	1	1	1	1	1	1	1	1	1	1	1
1	1	1	1	1	1	1	1	1	1	1	1	1	1	1	1	1	1	1	1	1	1	1	1	1	1	1	1	1	1	1	1	1	1	1	1	1	1	1	1	1	1	1	1	1	1	1	1	1	1	1	1	1	1	1	1	1	1	1	1	1	1	1	1	1	1	1	1	1	1	1	1	1	1	1	1	1	1
1	1	1	1	1	1	1	1	1	1	1	1	1	1	1	1	1	1	1	1	1	1	1	1	1	1	1	1	1	1	1	1	1	1	1	1	1	1	1	1	1	1	1	1	1	1	1	1	1	1	1	1	1	1	1	1	1	1	1	1	1	1	1	1	1	1	1	1	1	1	1	1	1	1	1	1	1	1
1	1	1	1	1	1	1	1	1	1	1	1	1	1	1	1	1	1	1	1	1	1	1	1	1	1	1	1	1	1	1	1	1	1	1	1	1	1	1	1	1	1	1	1	1	1	1	1	1	1	1	1	1	1	1	1	1	1	1	1	1	1	1	1	1	1	1	1	1	1	1	1	1	1	1	1	1	1
1	1	1	1	1	1	1	1	1	1	1	1	1	1	1	1	1	1	1	1	1	1	1	1	1	1	1	1	1	1	1	1	1	1	1	1	1	1	1	1	1	1	1	1	1	1	1	1	1	1	1	1	1	1	1	1	1	1	1	1	1	1	1	1	1	1	1	1	1	1	1	1	1	1	1	1	1	1
1	1	1	1	1	1	1	1	1	1	1	1	1	1	1	1	1	1	1	1	1	1	1	1	1	1	1	1	1	1	1	1	1	1	1	1	1	1	1	1	1	1	1	1	1	1	1	1	1	1	1	1	1	1	1	1	1	1	1	1	1	1	1	1	1	1	1	1	1	1	1	1	1	1	1	1	1	1
1	1	1	1	1	1	1	1	1	1	1	1	1	1	1	1	1	1	1	1	1	1	1	1	1	1	1	1	1	1	1	1	1	1	1	1	1	1	1	1	1	1	1	1	1	1	1	1	1	1	1	1	1	1	1	1	1	1	1	1	1	1	1	1	1	1	1	1	1	1	1	1	1	1	1	1	1	1
1	1	1	1	1	1	1	1	1	1	1	1	1	1	1	1	1	1	1	1	1	1	1	1	1	1	1	1	1	1	1	1	1	1	1	1	1	1	1	1	1	1	1	1	1	1	1	1	1	1	1	1	1	1	1	1	1	1	1	1	1	1	1	1	1	1	1	1	1	1	1	1	1	1	1	1	1	1
1	1	1	1	1	1	1	1	1	1	1	1	1	1	1	1	1	1	1	1	1	1	1	1	1	1	1	1	1	1	1	1	1	1	1	1	1	1	1	1	1	1	1	1	1	1	1	1	1	1	1	1	1	1	1	1	1	1	1	1	1	1	1	1	1	1	1	1	1	1	1	1	1	1	1	1	1	1
1	1	1	1	1	1	1	1	1	1	1	1	1	1	1	1	1	1	1	1	1	1	1	1	1	1	1	1	1	1	1	1	1	1	1	1	1	1	1	1	1	1	1	1	1	1	1	1	1	1	1	1	1	1	1	1	1	1	1	1	1	1	1	1	1	1	1	1	1	1	1	1	1	1	1	1	1	1
1	1	1	1	1	1	1	1	1	1	1	1	1	1	1	1	1	1	1	1	1	1	1	1	1	1	1	1	1	1	1	1	1	1	1	1	1	1	1	1	1	1	1	1	1	1	1	1	1	1	1	1	1	1	1	1	1	1	1	1	1	1	1	1	1	1	1	1	1	1	1	1	1	1	1	1	1	1
1	1	1	1	1	1	1	1	1	1	1	1	1	1	1	1	1	1	1	1	1	1	1	1	1	1	1	1	1	1	1	1	1	1	1	1	1	1	1	1	1	1	1	1	1	1	1	1	1	1	1	1	1	1	1	1	1	1	1	1	1	1	1	1	1	1	1	1	1	1	1	1	1	1	1	1	1	1
1	1	1	1	1	1	1	1	1	1	1	1	1	1	1	1	1	1	1	1	1	1	1	1	1	1	1	1	1	1	1	1	1	1	1	1	1	1	1	1	1	1	1	1	1	1	1	1	1	1	1	1	1	1	1	1	1	1	1	1	1	1	1	1	1	1	1	1	1	1	1	1	1	1	1	1	1	1
1	1	1	1	1	1	1	1	1	1	1	1	1	1	1	1	1	1	1	1	1	1	1	1	1	1	1	1	1	1	1	1	1	1	1	1	1	1	1	1	1	1	1	1	1	1	1	1	1	1	1	1	1	1	1	1	1	1	1	1	1	1	1	1	1	1	1	1	1	1	1	1	1	1	1	1	1	1
1	1	1	1	1	1	1	1	1	1	1	1	1	1	1	1	1	1	1	1	1	1	1	1	1	1	1	1	1	1	1	1	1	1	1	1	1	1	1	1	1	1	1	1	1	1	1	1	1	1	1	1	1	1	1	1	1	1	1	1	1	1	1	1	1	1	1	1	1	1	1	1	1	1	1	1	1	1
1	1	1	1	1	1	1	1	1	1	1	1	1	1	1	1	1	1	1	1	1	1	1	1	1	1	1	1	1	1	1	1	1	1	1	1	1	1	1	1	1	1	1	1	1	1	1	1	1	1	1	1	1	1	1	1	1	1	1	1	1	1	1	1	1	1	1	1	1	1	1	1	1	1	1	1	1	1
1	1	1	1	1	1	1	1	1	1	1	1	1	1	1	1	1	1	1	1	1	1	1	1	1	1	1	1	1	1	1	1	1	1	1	1	1	1	1	1	1	1	1	1	1	1	1	1	1	1	1	1	1	1	1	1	1	1	1	1	1	1	1	1	1	1	1	1	1	1	1	1	1	1	1	1	1	1
1	1	1	1	1	1	1	1	1	1	1	1	1	1	1	1	1	1	1	1	1	1	1	1	1	1	1	1	1	1	1	1	1	1	1	1	1	1	1	1	1	1	1	1	1	1	1	1	1	1	1	1	1	1	1	1	1	1	1	1	1	1	1	1	1	1	1	1	1	1	1	1	1	1	1	1	1	1
1	1	1	1	1	1	1	1	1	1	1	1	1	1	1	1	1	1	1	1	1	1	1	1	1	1	1	1	1	1	1	1	1	1	1	1	1	1	1	1	1	1	1	1	1	1	1	1	1	1	1	1	1	1	1	1	1	1	1	1	1	1	1	1	1	1	1	1	1	1	1	1	1	1	1	1	1	1
1	1	1	1	1	1	1	1	1	1	1	1	1	1	1	1	1	1	1	1	1	1	1	1	1	1	1	1	1	1	1	1	1	1	1	1	1	1	1	1	1	1	1	1	1	1	1	1	1	1	1	1	1	1	1	1	1	1	1	1	1	1	1	1	1	1	1	1	1	1	1	1	1	1	1	1	1	1
1	1	1	1	1	1	1	1	1	1	1	1	1	1	1	1	1	1	1	1	1	1	1	1	1	1	1	1	1	1	1	1	1	1	1	1	1	1	1	1	1	1	1	1	1	1	1	1	1	1	1	1	1	1	1	1	1	1	1	1	1	1	1	1	1	1	1	1	1	1	1	1	1	1	1	1	1	1
1	1	1	1	1	1	1	1	1	1	1	1	1	1	1	1	1	1	1	1	1	1	1	1	1	1	1	1	1	1	1	1	1	1	1	1	1	1	1	1	1	1	1	1	1	1	1	1	1	1	1	1	1	1	1	1	1	1	1	1	1	1	1	1	1	1	1	1	1	1	1	1	1	1	1	1	1	1
1	1	1	1	1	1	1	1	1	1	1	1	1	1	1	1	1	1	1	1	1	1	1	1	1	1	1	1	1	1	1	1	1	1	1	1	1	1	1	1	1	1	1	1	1	1	1	1	1	1	1	1	1	1	1	1	1	1	1	1	1	1	1	1	1	1	1	1	1	1	1	1	1	1	1	1	1	1
1	1	1	1	1	1	1	1	1	1	1	1	1	1	1	1	1	1	1	1	1	1	1	1	1	1	1	1	1	1	1	1	1	1	1	1	1	1	1	1	1	1	1	1	1	1	1	1	1	1	1	1	1	1	1	1	1	1	1	1	1	1	1	1	1	1	1	1	1	1	1	1	1	1	1	1	1	1
1	1	1	1	1	1	1	1	1	1	1	1	1	1	1	1	1	1	1	1	1	1	1	1	1	1	1	1	1	1	1	1	1	1	1	1	1	1	1	1	1	1	1	1	1	1	1	1	1	1	1	1	1	1	1	1	1	1	1	1	1	1	1	1	1	1	1	1	1	1	1	1	1	1	1	1	1	1
1	1	1	1	1	1	1	1	1	1	1	1	1	1	1	1	1	1	1	1	1	1	1	1	1	1	1	1	1	1	1	1	1	1	1	1	1	1	1	1	1	1	1	1	1	1	1	1	1	1	1	1	1	1	1	1	1	1	1	1	1	1	1	1	1	1	1	1	1	1	1	1	1	1	1	1	1	1
1	1	1	1	1	1	1	1	1	1	1	1	1	1	1	1	1	1	1	1	1	1	1	1	1	1	1	1	1	1	1	1	1	1	1	1	1	1	1	1	1	1	1	1	1	1	1	1	1	1	1	1	1	1	1	1	1	1	1	1	1	1	1	1	1	1	1	1	1	1	1	1	1	1	1	1	1	1
1	1	1	1	1	1	1	1	1	1	1	1	1	1	1	1	1	1	1	1	1	1	1	1	1	1	1	1	1	1	1	1	1	1	1	1	1	1	1	1	1	1	1	1	1	1	1	1	1	1	1	1	1	1	1	1	1	1	1	1	1	1	1	1	1	1	1	1	1	1	1	1	1	1	1	1	1	1
1	1	1	1	1	1	1	1	1	1	1	1	1	1	1	1	1	1	1	1	1	1	1	1	1	1	1	1	1	1	1	1	1	1	1	1	1	1	1	1	1	1	1	1	1	1	1	1	1	1	1	1	1	1	1	1	1	1	1	1	1	1	1	1	1	1	1	1	1	1	1	1	1	1	1	1	1	1
1	1	1	1	1	1	1	1	1	1	1	1	1	1	1	1	1	1	1	1	1	1	1	1	1	1	1	1	1	1	1	1	1	1	1	1	1	1	1	1	1	1	1	1	1	1	1	1	1	1	1	1	1	1	1	1	1	1	1	1	1	1	1	1	1	1	1	1	1	1	1	1	1	1	1	1	1	1
1	1	1	1	1	1	1	1	1	1	1	1	1	1	1	1	1	1	1	1	1	1	1	1	1	1	1	1	1	1	1	1	1	1	1	1	1	1	1	1	1	1	1	1	1	1	1	1	1	1	1	1	1	1	1	1	1	1	1	1	1	1	1	1	1	1	1	1	1	1	1	1	1	1	1	1	1	1
1	1	1	1	1	1	1	1	1	1	1	1	1	1	1	1	1	1	1	1	1	1	1	1	1	1	1	1	1	1	1	1	1	1	1	1	1	1	1	1	1	1	1	1	1	1	1	1	1	1	1	1	1	1	1	1	1	1	1	1	1	1	1	1	1	1	1	1	1	1	1	1	1	1	1	1	1	1
1	1	1	1	1	1	1	1	1	1	1	1	1	1	1	1	1	1	1	1	1	1	1	1	1	1	1	1	1	1	1	1	1	1	1	1	1	1	1	1	1	1	1	1	1	1	1	1	1	1	1	1	1	1	1	1	1	1	1	1	1	1	1	1	1	1	1	1	1	1	1	1	1	1	1	1	1	1
1	1	1	1	1	1	1	1	1	1	1	1	1	1	1	1	1	1	1	1	1	1	1	1	1	1	1	1	1	1	1	1	1	1	1	1	1	1	1	1	1	1	1	1	1	1	1	1	1	1	1	1	1	1	1	1	1	1	1	1	1	1	1	1	1	1	1	1	1	1	1	1	1	1	1	1	1	1
1	1	1	1	1	1	1	1	1	1	1	1	1	1	1	1	1	1	1	1	1	1	1	1	1	1	1	1	1	1	1	1	1	1	1	1	1	1	1	1	1	1	1	1	1	1	1	1	1	1	1	1	1	1	1	1	1	1	1	1	1	1	1	1	1	1	1	1	1	1	1	1	1	1	1	1	1	1
1	1	1	1	1	1	1	1	1	1	1	1	1	1	1	1	1	1	1	1	1	1	1	1	1	1	1	1	1	1	1	1	1	1	1	1	1	1	1	1	1	1	1	1	1	1	1	1	1	1	1	1	1	1	1	1	1	1	1	1	1	1	1	1	1	1	1	1	1	1	1	1	1	1	1	1	1	1
1	1	1	1	1	1	1	1	1	1	1	1	1	1	1	1	1	1	1	1	1	1	1	1	1	1	1	1	1	1	1	1	1	1	1	1	1	1	1	1	1	1	1	1	1	1	1	1	1	1	1	1	1	1	1	1	1	1	1	1	1	1	1	1	1	1	1	1	1	1	1	1	1	1	1	1	1	1
1	1	1	1	1	1	1	1	1	1	1	1	1	1	1	1	1	1	1	1	1	1	1	1	1	1	1	1	1	1	1	1	1	1	1	1	1	1	1	1	1	1	1	1	1	1	1	1	1	1	1	1	1	1	1	1	1	1	1	1	1	1	1	1	1	1	1	1	1	1	1	1	1	1	1	1	1	1
1	1	1	1	1	1	1	1	1	1	1	1	1	1	1	1	1	1	1	1	1	1	1	1	1	1	1	1	1	1	1	1	1	1	1	1	1	1	1	1	1	1	1	1	1	1	1	1	1	1	1	1	1	1	1	1	1	1	1	1	1	1	1	1	1	1	1	1	1	1	1	1	1	1	1	1	1	1
1	1	1	1	1	1	1	1	1	1	1	1	1	1	1	1	1	1	1	1	1	1	1	1	1	1	1	1	1	1	1	1	1	1	1	1	1	1	1	1	1	1	1	1	1	1	1	1	1	1	1	1	1	1	1	1	1	1	1	1	1	1	1	1	1	1	1	1	1	1	1	1	1	1	1	1	1	1
1	1	1	1	1	1	1	1	1	1	1	1	1	1	1	1	1	1	1	1	1	1	1	1	1	1	1	1	1	1	1	1	1	1	1	1	1	1	1	1	1	1	1	1	1	1	1	1	1	1	1	1	1	1	1	1	1	1	1	1	1	1	1	1	1	1	1	1	1	1	1	1	1	1	1	1	1	1
1	1	1	1	1	1	1	1	1	1	1	1	1	1	1	1	1	1	1	1	1	1	1	1	1	1	1	1	1	1	1	1	1	1	1	1	1	1	1	1	1	1	1	1	1	1	1	1	1	1	1	1	1	1	1	1	1	1	1	1	1	1	1	1	1	1	1	1	1	1	1	1	1	1	1	1	1	1
1	1	1	1	1	1	1	1	1	1	1	1	1	1	1	1	1	1	1	1	1	1	1	1	1	1	1	1	1	1	1	1	1	1	1	1	1	1	1	1	1	1	1	1	1	1	1	1	1	1	1	1	1	1	1	1	1	1	1	1	1	1	1	1	1	1	1	1	1	1	1	1	1	1	1	1	1	1
1	1	1	1	1	1	1	1	1	1	1	1	1	1	1	1	1	1	1	1	1	1	1	1	1	1	1	1	1	1	1	1	1	1	1	1	1	1	1	1	1	1	1	1	1	1	1	1	1	1	1	1	1	1	1	1	1	1	1	1	1	1	1	1	1	1	1	1	1	1	1	1	1	1	1	1	1	1
1	1	1	1	1	1	1	1	1	1	1	1	1	1	1	1	1	1	1	1	1	1	1	1	1	1	1	1	1	1	1	1	1	1	1	1	1	1	1	1	1	1	1	1	1	1	1	1	1	1	1	1	1	1	1	1	1	1	1	1	1	1	1	1	1	1	1	1	1	1	1	1	1	1	1	1	1	1
1	1	1	1	1	1	1	1	1	1	1	1	1	1	1	1	1	1	1	1	1	1	1	1	1	1	1	1	1	1	1	1	1	1	1	1	1	1	1	1	1	1	1	1	1	1	1	1	1	1	1	1	1	1	1	1	1	1	1	1	1	1	1	1	1	1	1	1	1	1	1	1	1	1	1	1	1	1
1	1	1	1	1	1	1	1	1	1	1	1	1	1	1	1	1	1	1	1	1	1	1	1	1	1	1	1	1	1	1	1	1	1	1	1	1	1	1	1	1	1	1	1	1	1	1	1	1	1	1	1	1	1	1	1	1	1	1	1	1	1	1	1	1	1	1	1	1	1	1	1	1	1	1	1	1	1
1	1	1	1	1	1	1	1	1	1	1	1	1	1	1	1	1	1	1	1	1	1	1	1	1	1	1	1	1	1	1	1	1	1	1	1	1	1	1	1	1	1	1	1	1	1	1	1	1	1	1	1	1	1	1	1	1	1	1	1	1	1	1	1	1	1	1	1	1	1	1	1	1	1	1	1	1	1
1	1	1	1	1	1	1	1	1	1	1	1	1	1	1	1	1	1	1	1	1	1	1	1	1	1	1	1	1	1	1	1	1	1	1	1	1	1	1	1	1	1	1	1	1	1	1	1	1	1	1	1	1	1	1	1	1	1	1	1	1	1	1	1	1	1	1	1	1	1	1	1	1	1	1	1	1	1
1	1	1	1	1	1	1	1	1	1	1	1	1	1	1	1	1	1	1	1	1	1	1	1	1	1	1	1	1	1	1	1	1	1	1	1	1	1	1	1	1	1	1	1	1	1	1	1	1	1	1	1	1	1	1	1	1	1	1	1	1	1	1	1	1	1	1	1	1	1	1	1	1	1	1	1	1	1
1	1	1	1	1	1	1	1	1	1	1	1	1	1	1	1	1	1	1	1	1	1	1	1	1	1	1	1	1	1	1	1	1	1	1	1	1	1	1	1	1	1	1	1	1	1	1	1	1	1	1	1	1	1	1	1	1	1	1	1	1	1	1	1	1	1	1	1	1	1	1	1	1	1	1	1	1	1
1	1	1	1	1	1	1	1	1	1	1	1	1	1	1	1	1	1	1	1	1	1	1	1	1	1	1	1	1	1	1	1	1	1	1	1	1	1	1	1	1	1	1	1	1	1	1	1	1	1	1	1	1	1	1	1	1	1	1	1	1	1	1	1	1	1	1	1	1	1	1	1	1	1	1	1	1	1
1	1	1	1	1	1	1	1	1	1	1	1	1	1	1	1	1	1	1	1	1	1	1	1	1	1	1	1	1	1	1	1	1	1	1	1	1	1	1	1	1	1	1	1	1	1	1	1	1	1	1	1	1	1	1	1	1	1	1	1	1	1	1	1	1	1	1	1	1	1	1	1	1	1	1	1	1	1
1	1	1	1	1	1	1	1	1	1	1	1	1	1	1	1	1	1	1	1	1	1	1	1	1	1	1	1	1	1	1	1	1	1	1	1	1	1	1	1	1	1	1	1	1	1	1	1	1	1	1	1	1	1	1	1	1	1	1	1	1	1	1	1	1	1	1	1	1	1	1	1	1	1	1	1	1	1
1	1	1	1	1	1	1	1	1	1	1	1	1	1	1	1	1	1	1	1	1	1	1	1	1	1	1	1	1	1	1	1	1	1	1	1	1	1	1	1	1	1	1	1	1	1	1	1	1	1	1	1	1	1	1	1	1	1	1	1	1	1	1	1	1	1	1	1	1	1	1	1	1	1	1	1	1	1
1	1	1	1	1	1	1	1	1	1	1	1	1	1	1	1	1	1	1	1	1	1	1	1	1	1	1	1	1	1	1	1	1	1	1	1	1	1	1	1	1	1	1	1	1	1	1	1	1	1	1	1	1	1	1	1	1	1	1	1	1	1	1	1	1	1	1	1	1	1	1	1	1	1	1	1	1	1
1	1	1	1	1	1	1	1	1	1	1	1	1	1	1	1	1	1	1	1	1	1	1	1	1	1	1	1	1	1	1	1	1	1	1	1	1	1	1	1	1	1	1	1	1	1	1	1	1	1	1	1	1	1	1	1	1	1	1	1	1	1	1	1	1	1	1	1	1	1	1	1	1	1	1	1	1	1
1	1	1	1	1	1	1	1	1	1	1	1	1	1	1	1	1	1	1	1	1	1	1	1	1	1	1	1	1	1	1	1	1	1	1	1	1	1	1	1	1	1	1	1	1	1	1	1	1	1	1	1	1	1	1	1	1	1	1	1	1	1	1	1	1	1	1	1	1	1	1	1	1	1	1	1	1	1
1	1	1	1	1	1	1	1	1	1	1	1	1	1	1	1	1	1	1	1	1	1	1	1	1	1	1	1	1	1	1	1	1	1	1	1	1	1	1	1	1	1	1	1	1	1	1	1	1	1	1	1	1	1	1	1	1	1	1	1	1	1	1	1	1	1	1	1	1	1	1	1	1	1	1	1	1	1
1	1	1	1	1	1	1	1	1	1	1	1	1	1	1	1	1	1	1	1	1	1	1	1	1	1	1	1	1	1	1	1	1	1	1	1	1	1	1	1	1	1	1	1	1	1	1	1	1	1	1	1	1	1	1	1	1	1	1	1	1	1	1	1	1	1	1	1	1	1	1	1	1	1	1	1	1	1
1	1	1	1	1	1	1	1	1	1	1	1	1	1	1	1	1	1	1	1	1	1	1	1	1	1	1	1	1	1	1	1	1	1	1	1	1	1	1	1	1	1	1	1	1	1	1	1	1	1	1	1	1	1	1	1	1	1	1	1	1	1	1	1	1	1	1	1	1	1	1	1	1	1	1	1	1	1
1	1	1	1	1	1	1	1	1	1	1	1	1	1	1	1	1	1	1	1	1	1	1	1	1	1	1	1	1	1	1	1	1	1	1	1	1	1	1	1	1	1	1	1	1	1	1	1	1	1	1	1	1	1	1	1	1	1	1	1	1	1	1	1	1	1	1	1	1	1	1	1	1	1	1	1	1	1
1	1	1	1	1	1	1	1	1	1	1	1	1	1	1	1	1	1	1	1	1	1	1	1	1	1	1	1	1	1	1	1	1	1	1	1	1	1	1	1	1	1	1	1	1	1	1	1	1	1	1	1	1	1	1	1	1	1	1	1	1	1	1	1	1	1	1	1	1	1	1	1	1	1	1	1	1	1
1	1	1	1	1	1	1	1	1	1	1	1	1	1	1	1	1	1	1	1	1	1	1	1	1	1	1	1	1	1	1	1	1	1	1	1	1	1	1	1	1	1	1	1	1	1	1	1	1	1	1	1	1	1	1	1	1	1	1	1	1	1	1	1	1	1	1	1	1	1	1	1	1	1	1	1	1	1
1	1	1	1	1	1	1	1	1	1	1	1	1	1	1	1	1	1	1	1	1	1	1	1	1	1	1	1	1	1	1	1	1	1	1	1	1	1	1	1	1	1	1	1	1	1	1	1	1	1	1	1	1	1	1	1	1	1	1	1	1	1	1	1	1	1	1	1	1	1	1	1	1	1	1	1	1	1
1	1	1	1	1	1	1	1	1	1	1	1	1	1	1	1	1	1	1	1	1	1	1	1	1	1	1	1	1	1	1	1	1	1	1	1	1	1	1	1	1	1	1	1	1	1	1	1	1	1	1	1	1	1	1	1	1	1	1	1	1	1	1	1	1	1	1	1	1	1	1	1	1	1	1	1	1	1
1	1	1	1	1	1	1	1	1	1	1	1	1	1	1	1	1	1	1	1	1	1	1	1	1	1	1	1	1	1	1	1	1	1	1	1	1	1	1	1	1	1	1	1	1	1	1	1	1	1	1	1	1	1	1	1	1	1	1	1	1	1	1	1	1	1	1	1	1	1	1	1	1	1	1	1	1	1
1	1	1	1	1	1	1	1	1	1	1	1	1	1	1	1	1	1	1	1	1	1	1	1	1	1	1	1	1	1	1	1	1	1	1	1	1	1	1	1	1	1	1	1	1	1	1	1	1	1	1	1	1	1	1	1	1	1	1	1	1	1	1	1	1	1	1	1	1	1	1	1	1	1	1	1	1	1
1	1	1	1	1	1	1	1	1	1	1	1	1	1	1	1	1	1	1	1	1	1	1	1	1	1	1	1	1	1	1	1	1	1	1	1	1	1	1	1	1	1	1	1	1	1	1	1	1	1	1	1	1	1	1	1	1	1	1	1	1	1	1	1	1	1	1	1	1	1	1	1	1	1	1	1	1	1
1	1	1	1	1	1	1	1	1	1	1	1	1	1	1	1	1	1	1	1	1	1	1	1	1	1	1	1	1	1	1	1	1	1	1	1	1	1	1	1	1	1	1	1	1	1	1	1	1	1	1	1	1	1	1	1	1	1	1	1	1	1	1	1	1	1	1	1	1	1	1	1	1	1	1	1	1	1
1	1	1	1	1	1	1	1	1	1	1	1	1	1	1	1	1	1	1	1	1	1	1	1	1	1	1	1	1	1	1	1	1	1	1	1	1	1	1	1	1	1	1	1	1	1	1	1	1	1	1	1	1	1	1	1	1	1	1	1	1	1	1	1	1	1	1	1	1	1	1	1	1	1	1	1	1	1
1	1	1	1	1	1	1	1	1	1	1	1	1	1	1	1	1	1	1	1	1	1	1	1	1	1	1	1	1	1	1	1	1	1	1	1	1	1	1	1	1	1	1	1	1	1	1	1	1	1	1	1	1	1	1	1	1	1	1	1	1	1	1	1	1	1	1	1	1	1	1	1	1	1	1	1	1	1
1	1	1	1	1	1	1	1	1	1	1	1	1	1	1	1	1	1	1	1	1	1	1	1	1	1	1	1	1	1	1	1	1	1	1	1	1	1	1	1	1	1	1	1	1	1	1	1	1	1	1	1	1	1	1	1	1	1	1	1	1	1	1	1	1	1	1	1	1	1	1	1	1	1	1	1	1	1
1	1	1	1	1	1	1	1	1	1	1	1	1	1	1	1	1	1	1	1	1	1	1	1	1	1	1	1	1	1	1	1	1	1	1	1	1	1	1	1	1	1	1	1	1	1	1	1	1	1	1	1	1	1	1	1	1	1	1	1	1	1	1	1	1	1	1	1	1	1	1	1	1	1	1	1	1	1
1	1	1	1	1	1	1	1	1	1	1	1	1	1	1	1	1	1	1	1	1	1	1	1	1	1	1	1	1	1	1	1	1	1	1	1	1	1	1	1	1	1	1	1	1	1	1	1	1	1	1	1	1	1	1	1	1	1	1	1	1	1	1	1	1	1	1	1	1	1	1	1	1	1	1	1	1	1
1	1	1	1	1	1	1	1	1	1	1	1	1	1	1	1	1	1	1	1	1	1	1	1	1	1	1	1	1	1	1	1	1	1	1	1	1	1	1	1	1	1	1	1	1	1	1	1	1	1	1	1	1	1	1	1	1	1	1	1	1	1	1	1	1	1	1	1	1	1	1	1	1	1	1	1	1	1
1	1	1	1	1	1	1	1	1	1	1	1	1	1	1	1	1	1	1	1	1	1	1	1	1	1	1	1	1	1	1	1	1	1	1	1	1	1	1	1	1	1	1	1	1	1	1	1	1	1	1	1	1	1	1	1	1	1	1	1	1	1	1	1	1	1	1	1	1	1	1	1	1	1	1	1	1	1
0.00	0.90	0.83	5.23	1.07	3.88	0.54	0.78	1.34	2.07	2.97	3.66	0.89	0.43	0.99	0.53	0.29	0.84	1.44	0.33	1.16	2.10	0.31	2.65	1.08	0.76	0.53	1.08	1.45	0.76	0.82	1.09	1.65	1.37	2.14	1.31	2.38	1.92	1.73	1.06	1.57	3.95	1.42	1.35	2.14	1.80	1.86	3.45	2.32	1.76	1.97	3.83	4.00	2.22	2.03	3.88	2.86	3.57	3.05	3.63	3.33	3.24	3.47	3.68	4.64	4.37	4.58	4.98	4.93	3.81	4.13	4.14	3.55	3.84	3.76	3.68	3.93	0.49
0.90	0.00	0.23	4.90	0.75	3.65	0.37	0.63	1.18	1.86	2.82	3.97	0.81	0.91	1.06	1.14	1.04	1.04	1.54	1.21	1.36	2.17	1.21	2.68	1.41	1.30	1.33	1.52	1.69	1.45	1.63	1.80	1.93	1.81	2.41	1.90	2.58	2.28	2.20	1.90	2.17	4.02	2.14	2.17	2.58	2.36	2.44	3.63	2.78	2.51	2.56	3.96	4.18	2.81	2.77	4.46	3.55	4.12	3.77	4.47	4.09	3.95	4.16	4.44	5.21	5.02	5.23	5.54	5.53	4.70	5.03	5.04	4.45	4.70	4.66	4.56	4.81	0.56
0.83	0.23	0.00	5.13	0.95	3.87	0.37	0.78	1.38	2.08	3.04	4.12	0.97	0.95	1.21	0.97	0.91	1.16	1.71	1.10	1.50	2.35	1.14	2.87	1.52	1.36	1.32	1.61	1.83	1.47	1.62	1.83	2.07	1.91	2.56	1.96	2.74	2.41	2.30	1.88	2.24	4.21	2.17	2.16	2.69	2.44	2.52	3.81	2.89	2.53	2.63	4.14	4.36	2.89	2.79	4.55	3.60	4.21	3.81	4.46	4.11	4.00	4.21	4.47	5.31	5.09	5.30	5.64	5.61	4.64	4.96	4.96	4.38	4.67	4.56	4.51	4.76	0.62
5.23	4.90	5.13	0.00	4.24	1.40	4.97	4.51	3.90	3.17	2.34	3.39	4.36	4.82	4.25	5.74	5.52	4.40	3.86	5.50	4.14	3.30	5.34	2.83	4.29	4.67	5.08	4.40	3.98	4.86	5.13	4.88	3.90	4.27	3.63	4.58	3.36	3.89	4.20	5.30	4.55	2.31	4.90	5.25	4.03	4.43	4.46	2.89	4.04	5.08	4.51	2.57	2.80	4.50	5.07	4.83	5.07	4.54	5.31	6.50	5.68	5.32	5.26	5.84	5.07	5.45	5.55	5.15	5.38	7.39	7.69	7.88	7.21	6.93	7.74	7.00	7.14	4.82
1.07	0.75	0.95	4.24	0.00	2.95	0.72	0.29	0.44	1.13	2.09	3.26	0.24	0.75	0.44	1.53	1.33	0.53	0.83	1.39	0.72	1.42	1.28	1.93	0.84	0.94	1.20	1.00	1.03	1.16	1.43	1.46	1.27	1.24	1.72	1.43	1.86	1.63	1.61	1.72	1.68	3.27	1.76	1.90	1.95	1.82	1.91	2.90	2.15	2.14	2.03	3.21	3.44	2.27	2.36	3.87	3.06	3.51	3.31	4.16	3.66	3.48	3.65	4.00	4.60	4.47	4.67	4.92	4.93	4.55	4.88	4.94	4.30	4.44	4.60	4.34	4.58	0.60
3.88	3.65	3.87	1.40	2.95	0.00	3.67	3.19	2.57	1.83	0.95	2.31	3.03	3.46	2.89	4.40	4.17	3.05	2.48	4.13	2.76	1.91	3.97	1.45	2.90	3.29	3.70	3.01	2.59	3.48	3.74	3.49	2.50	2.88	2.25	3.18	1.98	2.51	2.81	3.90	3.16	1.35	3.51	3.85	2.67	3.05	3.08	1.73	2.70	3.70	3.14	1.56	1.86	3.15	3.70	3.72	3.78	3.39	4.04	5.23	4.42	4.07	4.05	4.62	4.11	4.39	4.52	4.27	4.45	6.06	6.37	6.55	5.87	5.64	6.38	5.69	5.85	3.50
0.54	0.37	0.37	4.97	0.72	3.67	0.00	0.48	1.12	1.84	2.79	3.77	0.66	0.57	0.88	0.87	0.72	0.81	1.38	0.86	1.16	2.04	0.85	2.58	1.16	0.98	0.97	1.24	1.48	1.11	1.27	1.46	1.72	1.54	2.21	1.59	2.41	2.05	1.93	1.54	1.86	3.91	1.80	1.81	2.33	2.07	2.14	3.48	2.52	2.17	2.26	3.83	4.03	2.51	2.43	4.18	3.23	3.84	3.44	4.11	3.75	3.63	3.84	4.10	4.93	4.72	4.92	5.26	5.24	4.34	4.66	4.68	4.08	4.34	4.30	4.19	4.44	0.25
0.78	0.63	0.78	4.51	0.29	3.19	0.48	0.00	0.64	1.37	2.31	3.34	0.19	0.49	0.43	1.25	1.05	0.42	0.92	1.10	0.73	1.57	1.01	2.10	0.79	0.76	0.95	0.92	1.06	0.97	1.21	1.30	1.31	1.20	1.79	1.32	1.96	1.65	1.58	1.50	1.59	3.44	1.62	1.71	1.96	1.76	1.84	3.03	2.15	2.00	1.97	3.36	3.57	2.21	2.23	3.85	2.98	3.50	3.21	4.00	3.55	3.39	3.58	3.90	4.60	4.43	4.63	4.92	4.92	4.34	4.67	4.72	4.09	4.27	4.37	4.15	4.39	0.31
1.34	1.18	1.38	3.90	0.44	2.57	1.12	0.64	0.00	0.74	1.68	2.84	0.47	0.94	0.38	1.85	1.62	0.55	0.46	1.62	0.49	0.99	1.48	1.49	0.67	0.93	1.30	0.85	0.70	1.17	1.46	1.39	0.92	1.00	1.33	1.26	1.44	1.27	1.32	1.73	1.47	2.83	1.63	1.85	1.61	1.57	1.65	2.46	1.81	2.00	1.78	2.77	3.01	1.99	2.18	3.54	2.81	3.17	3.07	4.00	3.44	3.22	3.37	3.77	4.25	4.16	4.35	4.56	4.58	4.49	4.82	4.90	4.24	4.32	4.60	4.24	4.47	0.93
2.07	1.86	2.08	3.17	1.13	1.83	1.84	1.37	0.74	0.00	0.96	2.44	1.20	1.65	1.08	2.58	2.35	1.24	0.76	2.33	1.01	0.63	2.18	0.92	1.18	1.54	1.94	1.33	0.96	1.76	2.05	1.88	1.03	1.32	1.16	1.64	1.12	1.27	1.47	2.27	1.75	2.21	2.02	2.31	1.60	1.75	1.82	1.96	1.75	2.33	1.93	2.20	2.47	2.08	2.45	3.40	2.90	3.02	3.17	4.23	3.56	3.29	3.39	3.86	4.05	4.06	4.25	4.32	4.40	4.85	5.18	5.30	4.63	4.59	5.04	4.56	4.76	1.67
2.97	2.82	3.04	2.34	2.09	0.95	2.79	2.31	1.68	0.96	0.00	1.92	2.14	2.54	1.98	3.49	3.25	2.12	1.55	3.20	1.83	0.97	3.03	0.57	1.96	2.35	2.75	2.06	1.64	2.53	2.79	2.54	1.56	1.94	1.35	2.24	1.11	1.60	1.90	2.96	2.24	1.36	2.58	2.92	1.80	2.14	2.19	1.34	1.87	2.79	2.26	1.43	1.74	2.30	2.82	3.18	3.01	2.82	3.28	4.45	3.68	3.35	3.38	3.92	3.71	3.87	4.02	3.93	4.06	5.22	5.54	5.70	5.02	4.85	5.51	4.87	5.05	2.61
3.66	3.97	4.12	3.39	3.26	2.31	3.77	3.34	2.84	2.44	1.92	0.00	3.16	3.28	2.91	4.13	3.90	2.96	2.43	3.74	2.62	1.88	3.55	1.55	2.62	2.90	3.21	2.58	2.29	2.94	3.05	2.71	2.05	2.29	1.56	2.40	1.40	1.74	1.94	3.05	2.19	1.08	2.51	2.82	1.54	1.96	1.93	0.60	1.39	2.44	1.89	0.81	0.64	1.70	2.28	1.44	1.89	1.16	2.07	3.22	2.39	2.03	1.92	2.49	1.81	2.09	2.21	2.01	2.16	4.20	4.47	4.70	4.07	3.66	4.65	3.78	3.88	3.53
0.89	0.81	0.97	4.36	0.24	3.03	0.66	0.19	0.47	1.20	2.14	3.16	0.00	0.52	0.25	1.39	1.17	0.30	0.74	1.19	0.56	1.38	1.07	1.92	0.64	0.69	0.96	0.78	0.89	0.92	1.19	1.22	1.13	1.05	1.61	1.21	1.78	1.48	1.43	1.47	1.46	3.25	1.53	1.66	1.79	1.62	1.71	2.84	1.99	1.91	1.83	3.17	3.39	2.07	2.13	3.70	2.85	3.35	3.09	3.92	3.44	3.27	3.45	3.78	4.44	4.29	4.49	4.76	4.76	4.30	4.64	4.70	4.05	4.20	4.36	4.10	4.33	0.47
0.43	0.91	0.95	4.82	0.75	3.46	0.57	0.49	0.94	1.65	2.54	3.28	0.52	0.00	0.57	0.95	0.71	0.42	1.01	0.69	0.74	1.68	0.55	2.23	0.67	0.42	0.47	0.71	1.03	0.54	0.75	0.90	1.25	1.01	1.74	1.02	1.97	1.55	1.39	1.03	1.30	3.53	1.23	1.27	1.79	1.50	1.58	3.05	1.98	1.61	1.69	3.42	3.60	1.95	1.86	3.61	2.66	3.28	2.87	3.58	3.18	3.06	3.27	3.54	4.37	4.15	4.35	4.71	4.67	3.87	4.20	4.24	3.62	3.83	3.89	3.70	3.94	0.35
0.99	1.06	1.21	4.25	0.44	2.89	0.88	0.43	0.38	1.08	1.98	2.91	0.25	0.57	0.00	1.51	1.28	0.17	0.50	1.25	0.30	1.17	1.11	1.71	0.41	0.57	0.91	0.57	0.63	0.81	1.10	1.06	0.88	0.81	1.36	1.00	1.53	1.23	1.18	1.37	1.24	3.04	1.34	1.51	1.54	1.39	1.47	2.60	1.74	1.72	1.60	2.95	3.15	1.83	1.93	3.45	2.63	3.10	2.87	3.74	3.23	3.04	3.22	3.57	4.19	4.04	4.24	4.51	4.51	4.16	4.50	4.57	3.92	4.03	4.25	3.94	4.17	0.65
0.53	1.14	0.97	5.74	1.53	4.40	0.87	1.25	1.85	2.58	3.49	4.13	1.39	0.95	1.51	0.00	0.24	1.37	1.96	0.41	1.69	2.63	0.59	3.18	1.60	1.25	0.93	1.58	1.96	1.20	1.15	1.47	2.16	1.85	2.64	1.74	2.89	2.41	2.19	1.30	1.99	4.47	1.77	1.61	2.60	2.22	2.28	3.95	2.77	2.06	2.37	4.34	4.50	2.62	2.33	4.25	3.17	3.96	3.33	3.77	3.57	3.54	3.78	3.92	5.01	4.70	4.90	5.36	5.28	3.80	4.11	4.08	3.54	3.92	3.66	3.73	3.98	0.94
0.29	1.04	0.91	5.52	1.33	4.17	0.72	1.05	1.62	2.35	3.25	3.90	1.17	0.71	1.28	0.24	0.00	1.13	1.72	0.23	1.45	2.38	0.38	2.94	1.36	1.01	0.71	1.34	1.72	0.96	0.95	1.26	1.92	1.61	2.40	1.52	2.64	2.17	1.96	1.13	1.77	4.22	1.57	1.44	2.37	2.00	2.06	3.71	2.54	1.88	2.15	4.10	4.26	2.41	2.15	4.05	2.99	3.75	3.16	3.66	3.42	3.36	3.60	3.77	4.81	4.51	4.72	5.16	5.09	3.75	4.07	4.06	3.49	3.83	3.66	3.66	3.91	0.74
0.84	1.04	1.16	4.40	0.53	3.05	0.81	0.42	0.55	1.24	2.12	2.96	0.30	0.42	0.17	1.37	1.13	0.00	0.61	1.09	0.35	1.27	0.94	1.83	0.37	0.42	0.75	0.49	0.68	0.65	0.94	0.93	0.91	0.77	1.41	0.91	1.61	1.25	1.16	1.21	1.17	3.14	1.23	1.38	1.54	1.34	1.42	2.68	1.74	1.61	1.54	3.04	3.23	1.79	1.83	3.43	2.56	3.08	2.80	3.63	3.14	2.97	3.16	3.49	4.18	4.00	4.21	4.50	4.49	4.03	4.36	4.43	3.78	3.91	4.10	3.81	4.05	0.57
1.44	1.54	1.71	3.86	0.83	2.48	1.38	0.92	0.46	0.76	1.55	2.43	0.74	1.01	0.50	1.96	1.72	0.61	0.00	1.66	0.28	0.67	1.49	1.22	0.43	0.81	1.21	0.57	0.26	1.01	1.29	1.12	0.46	0.61	0.88	0.91	1.04	0.81	0.87	1.51	1.07	2.54	1.29	1.56	1.15	1.13	1.22	2.10	1.35	1.63	1.34	2.45	2.65	1.54	1.78	3.08	2.37	2.71	2.63	3.60	3.01	2.78	2.92	3.33	3.79	3.70	3.89	4.10	4.12	4.15	4.48	4.59	3.91	3.94	4.31	3.88	4.10	1.16
0.33	1.21	1.10	5.50	1.39	4.13	0.86	1.10	1.62	2.33	3.20	3.74	1.19	0.69	1.25	0.41	0.23	1.09	1.66	0.00	1.38	2.30	0.19	2.85	1.26	0.89	0.53	1.22	1.62	0.80	0.74	1.06	1.80	1.48	2.27	1.34	2.53	2.03	1.80	0.91	1.58	4.11	1.37	1.22	2.20	1.82	1.87	3.58	2.37	1.66	1.96	3.98	4.12	2.21	1.93	3.84	2.77	3.55	2.94	3.43	3.19	3.14	3.38	3.54	4.60	4.29	4.50	4.95	4.88	3.54	3.86	3.85	3.28	3.61	3.46	3.43	3.68	0.82
1.16	1.36	1.50	4.14	0.72	2.76	1.16	0.73	0.49	1.01	1.83	2.62	0.56	0.74	0.30	1.69	1.45	0.35	0.28	1.38	0.00	0.94	1.21	1.49	0.19	0.54	0.94	0.36	0.33	0.76	1.04	0.92	0.57	0.53	1.06	0.77	1.26	0.92	0.89	1.28	0.99	2.79	1.14	1.37	1.24	1.11	1.19	2.33	1.43	1.51	1.32	2.69	2.88	1.55	1.70	3.15	2.35	2.79	2.61	3.52	2.97	2.77	2.94	3.30	3.89	3.75	3.95	4.21	4.21	4.00	4.34	4.43	3.76	3.83	4.13	3.75	3.98	0.92
2.10	2.17	2.35	3.30	1.42	1.91	2.04	1.57	0.99	0.63	0.97	1.88	1.38	1.68	1.17	2.63	2.38	1.27	0.67	2.30	0.94	0.00	2.12	0.55	1.04	1.42	1.82	1.12	0.69	1.58	1.83	1.58	0.60	0.97	0.54	1.28	0.50	0.70	0.97	1.99	1.30	1.87	1.62	1.96	1.00	1.24	1.30	1.47	1.13	1.87	1.39	1.79	2.02	1.50	1.94	2.77	2.29	2.39	2.57	3.67	2.97	2.68	2.77	3.25	3.42	3.43	3.61	3.70	3.77	4.36	4.68	4.82	4.14	4.04	4.60	4.03	4.23	1.82
0.31	1.21	1.14	5.34	1.28	3.97	0.85	1.01	1.48	2.18	3.03	3.55	1.07	0.55	1.11	0.59	0.38	0.94	1.49	0.19	1.21	2.12	0.00	2.67	1.08	0.71	0.35	1.03	1.44	0.61	0.57	0.88	1.61	1.29	2.08	1.15	2.34	1.84	1.61	0.77	1.40	3.93	1.20	1.08	2.01	1.63	1.69	3.39	2.18	1.51	1.78	3.79	3.93	2.03	1.78	3.67	2.62	3.37	2.79	3.33	3.06	2.99	3.23	3.41	4.43	4.14	4.34	4.78	4.71	3.50	3.82	3.83	3.24	3.53	3.45	3.37	3.62	0.75
2.65	2.68	2.87	2.83	1.93	1.45	2.58	2.10	1.49	0.92	0.57	1.55	1.92	2.23	1.71	3.18	2.94	1.83	1.22	2.85	1.49	0.55	2.67	0.00	1.59	1.96	2.36	1.66	1.23	2.12	2.35	2.08	1.10	1.47	0.80	1.76	0.55	1.06	1.37	2.49	1.72	1.34	2.07	2.42	1.24	1.60	1.64	1.05	1.30	2.26	1.71	1.29	1.55	1.74	2.27	2.69	2.45	2.31	2.72	3.88	3.12	2.79	2.83	3.36	3.26	3.37	3.54	3.51	3.61	4.66	4.98	5.14	4.46	4.28	4.95	4.30	4.48	2.36
1.08	1.41	1.52	4.29	0.84	2.90	1.16	0.79	0.67	1.18	1.96	2.62	0.64	0.67	0.41	1.60	1.36	0.37	0.43	1.26	0.19	1.04	1.08	1.59	0.00	0.38	0.79	0.18	0.36	0.58	0.87	0.73	0.57	0.41	1.07	0.60	1.30	0.89	0.79	1.10	0.84	2.86	0.96	1.19	1.17	0.98	1.07	2.37	1.37	1.33	1.19	2.75	2.92	1.43	1.53	3.06	2.22	2.71	2.47	3.35	2.82	2.63	2.81	3.16	3.81	3.64	3.85	4.13	4.13	3.82	4.15	4.24	3.58	3.65	3.94	3.57	3.80	0.92
0.76	1.30	1.36	4.67	0.94	3.29	0.98	0.76	0.93	1.54	2.35	2.90	0.69	0.42	0.57	1.25	1.01	0.42	0.81	0.89	0.54	1.42	0.71	1.96	0.38	0.00	0.41	0.33	0.73	0.24	0.53	0.53	0.91	0.61	1.39	0.60	1.64	1.17	0.98	0.80	0.88	3.22	0.85	0.97	1.39	1.09	1.16	2.70	1.58	1.24	1.28	3.09	3.25	1.53	1.48	3.20	2.25	2.87	2.47	3.24	2.80	2.66	2.86	3.15	3.95	3.73	3.94	4.29	4.26	3.61	3.95	4.01	3.36	3.51	3.69	3.40	3.64	0.75
0.53	1.33	1.32	5.08	1.20	3.70	0.97	0.95	1.30	1.94	2.75	3.21	0.96	0.47	0.91	0.93	0.71	0.75	1.21	0.53	0.94	1.82	0.35	2.36	0.79	0.41	0.00	0.71	1.13	0.27	0.30	0.56	1.29	0.95	1.74	0.81	2.01	1.50	1.26	0.57	1.06	3.60	0.89	0.84	1.67	1.29	1.35	3.05	1.84	1.23	1.45	3.45	3.59	1.70	1.50	3.35	2.32	3.05	2.52	3.14	2.80	2.71	2.94	3.16	4.12	3.84	4.04	4.46	4.40	3.40	3.73	3.77	3.15	3.37	3.42	3.24	3.48	0.79
1.08	1.52	1.61	4.40	1.00	3.01	1.24	0.92	0.85	1.33	2.06	2.58	0.78	0.71	0.57	1.58	1.34	0.49	0.57	1.22	0.36	1.12	1.03	1.66	0.18	0.33	0.71	0.00	0.43	0.47	0.73	0.56	0.58	0.30	1.06	0.43	1.31	0.84	0.69	0.94	0.68	2.90	0.79	1.01	1.09	0.85	0.93	2.37	1.28	1.16	1.05	2.76	2.92	1.30	1.36	2.95	2.07	2.61	2.31	3.18	2.66	2.48	2.67	3.00	3.70	3.51	3.72	4.03	4.01	3.64	3.97	4.06	3.40	3.48	3.77	3.39	3.62	0.99
1.45	1.69	1.83	3.98	1.03	2.59	1.48	1.06	0.70	0.96	1.64	2.29	0.89	1.03	0.63	1.96	1.72	0.68	0.26	1.62	0.33	0.69	1.44	1.23	0.36	0.73	1.13	0.43	0.00	0.89	1.15	0.93	0.24	0.36	0.73	0.68	0.94	0.60	0.62	1.34	0.82	2.50	1.06	1.35	0.93	0.88	0.96	2.02	1.12	1.38	1.08	2.39	2.57	1.29	1.53	2.85	2.11	2.49	2.37	3.35	2.75	2.52	2.67	3.07	3.57	3.46	3.66	3.89	3.90	3.91	4.24	4.35	3.68	3.68	4.08	3.63	3.85	1.24
0.76	1.45	1.47	4.86	1.16	3.48	1.11	0.97	1.17	1.76	2.53	2.94	0.92	0.54	0.81	1.20	0.96	0.65	1.01	0.80	0.76	1.58	0.61	2.12	0.58	0.24	0.27	0.47	0.89	0.00	0.29	0.36	1.03	0.68	1.48	0.55	1.75	1.23	1.00	0.56	0.81	3.34	0.70	0.75	1.40	1.04	1.11	2.79	1.58	1.07	1.21	3.19	3.33	1.46	1.32	3.12	2.13	2.81	2.34	3.05	2.64	2.53	2.74	3.00	3.89	3.63	3.84	4.23	4.18	3.39	3.72	3.78	3.13	3.30	3.45	3.19	3.43	0.89
0.82	1.63	1.62	5.13	1.43	3.74	1.27	1.21	1.46	2.05	2.79	3.05	1.19	0.75	1.10	1.15	0.95	0.94	1.29	0.74	1.04	1.83	0.57	2.35	0.87	0.53	0.30	0.73	1.15	0.29	0.00	0.34	1.26	0.88	1.67	0.66	1.94	1.40	1.13	0.29	0.87	3.53	0.63	0.54	1.52	1.10	1.15	2.95	1.67	0.94	1.23	3.37	3.48	1.48	1.21	3.10	2.05	2.81	2.23	2.85	2.51	2.43	2.66	2.86	3.87	3.57	3.77	4.21	4.14	3.13	3.46	3.51	2.87	3.08	3.17	2.95	3.19	1.08
1.09	1.80	1.83	4.88	1.46	3.49	1.46	1.30	1.39	1.88	2.54	2.71	1.22	0.90	1.06	1.47	1.26	0.93	1.12	1.06	0.92	1.58	0.88	2.08	0.73	0.53	0.56	0.56	0.93	0.36	0.34	0.00	0.99	0.61	1.35	0.33	1.64	1.09	0.80	0.42	0.53	3.21	0.34	0.46	1.18	0.76	0.81	2.63	1.33	0.71	0.90	3.04	3.15	1.15	0.97	2.79	1.78	2.49	1.98	2.71	2.29	2.17	2.39	2.64	3.56	3.29	3.49	3.90	3.84	3.10	3.44	3.52	2.86	2.98	3.21	2.88	3.11	1.24
1.65	1.93	2.07	3.90	1.27	2.50	1.72	1.31	0.92	1.03	1.56	2.05	1.13	1.25	0.88	2.16	1.92	0.91	0.46	1.80	0.57	0.60	1.61	1.10	0.57	0.91	1.29	0.58	0.24	1.03	1.26	0.99	0.00	0.38	0.50	0.68	0.73	0.36	0.45	1.40	0.73	2.31	1.04	1.36	0.70	0.73	0.80	1.80	0.89	1.31	0.92	2.18	2.35	1.10	1.42	2.62	1.93	2.25	2.19	3.22	2.58	2.34	2.47	2.89	3.34	3.24	3.44	3.65	3.67	3.83	4.16	4.29	3.60	3.57	4.04	3.53	3.74	1.48
1.37	1.81	1.91	4.27	1.24	2.88	1.54	1.20	1.00	1.32	1.94	2.29	1.05	1.01	0.81	1.85	1.61	0.77	0.61	1.48	0.53	0.97	1.29	1.47	0.41	0.61	0.95	0.30	0.36	0.68	0.88	0.61	0.38	0.00	0.80	0.32	1.07	0.56	0.39	1.02	0.47	2.66	0.70	1.00	0.79	0.58	0.66	2.11	0.98	1.02	0.79	2.51	2.65	1.02	1.18	2.66	1.82	2.31	2.07	3.01	2.44	2.24	2.41	2.77	3.41	3.24	3.44	3.73	3.72	3.55	3.88	3.99	3.31	3.33	3.72	3.27	3.49	1.29
2.14	2.41	2.56	3.63	1.72	2.25	2.21	1.79	1.33	1.16	1.35	1.56	1.61	1.74	1.36	2.64	2.40	1.41	0.88	2.27	1.06	0.54	2.08	0.80	1.07	1.39	1.74	1.06	0.73	1.48	1.67	1.35	0.50	0.80	0.00	1.02	0.29	0.27	0.59	1.76	0.94	1.86	1.29	1.64	0.47	0.80	0.84	1.31	0.59	1.45	0.91	1.71	1.86	0.97	1.47	2.26	1.76	1.88	2.03	3.15	2.43	2.14	2.23	2.71	2.94	2.91	3.10	3.24	3.28	3.88	4.20	4.35	3.67	3.53	4.15	3.54	3.72	1.97
1.31	1.90	1.96	4.58	1.43	3.18	1.59	1.32	1.26	1.64	2.24	2.40	1.21	1.02	1.00	1.74	1.52	0.91	0.91	1.34	0.77	1.28	1.15	1.76	0.60	0.60	0.81	0.43	0.68	0.55	0.66	0.33	0.68	0.32	1.02	0.00	1.30	0.75	0.47	0.74	0.28	2.88	0.38	0.68	0.86	0.49	0.56	2.30	1.03	0.73	0.67	2.71	2.82	0.93	0.93	2.59	1.66	2.27	1.89	2.75	2.23	2.07	2.26	2.58	3.35	3.13	3.33	3.69	3.65	3.24	3.58	3.68	3.01	3.06	3.40	2.98	3.21	1.35
2.38	2.58	2.74	3.36	1.86	1.98	2.41	1.96	1.44	1.12	1.11	1.40	1.78	1.97	1.53	2.89	2.64	1.61	1.04	2.53	1.26	0.50	2.34	0.55	1.30	1.64	2.01	1.31	0.94	1.75	1.94	1.64	0.73	1.07	0.29	1.30	0.00	0.56	0.87	2.04	1.22	1.59	1.58	1.93	0.69	1.07	1.11	1.08	0.76	1.73	1.16	1.45	1.63	1.19	1.72	2.28	1.92	1.90	2.19	3.34	2.59	2.28	2.34	2.85	2.93	2.95	3.13	3.21	3.27	4.11	4.43	4.59	3.91	3.74	4.41	3.76	3.93	2.17
1.92	2.28	2.41	3.89	1.63	2.51	2.05	1.65	1.27	1.27	1.60	1.74	1.48	1.55	1.23	2.41	2.17	1.25	0.81	2.03	0.92	0.70	1.84	1.06	0.89	1.17	1.50	0.84	0.60	1.23	1.40	1.09	0.36	0.56	0.27	0.75	0.56	0.00	0.31	1.48	0.66	2.12	1.02	1.37	0.35	0.55	0.60	1.56	0.53	1.20	0.69	1.96	2.09	0.81	1.24	2.26	1.63	1.90	1.90	2.97	2.29	2.03	2.15	2.59	2.98	2.89	3.09	3.29	3.31	3.66	3.98	4.13	3.45	3.34	3.91	3.33	3.53	1.80
1.73	2.20	2.30	4.20	1.61	2.81	1.93	1.58	1.32	1.47	1.90	1.94	1.43	1.39	1.18	2.19	1.96	1.16	0.87	1.80	0.89	0.97	1.61	1.37	0.79	0.98	1.26	0.69	0.62	1.00	1.13	0.80	0.45	0.39	0.59	0.47	0.87	0.31	0.00	1.19	0.35	2.42	0.71	1.06	0.41	0.28	0.35	1.83	0.60	0.90	0.47	2.24	2.35	0.67	0.98	2.27	1.49	1.92	1.75	2.76	2.14	1.90	2.06	2.45	3.02	2.86	3.06	3.34	3.33	3.40	3.73	3.86	3.18	3.12	3.63	3.09	3.29	1.68
1.06	1.90	1.88	5.30	1.72	3.90	1.54	1.50	1.73	2.27	2.96	3.05	1.47	1.03	1.37	1.30	1.13	1.21	1.51	0.91	1.28	1.99	0.77	2.49	1.10	0.80	0.57	0.94	1.34	0.56	0.29	0.42	1.40	1.02	1.76	0.74	2.04	1.48	1.19	0.00	0.87	3.60	0.54	0.31	1.53	1.09	1.12	3.00	1.66	0.76	1.17	3.42	3.51	1.40	1.03	2.96	1.87	2.69	2.03	2.58	2.28	2.23	2.48	2.64	3.72	3.39	3.60	4.07	3.99	2.84	3.17	3.23	2.59	2.80	2.89	2.66	2.91	1.36
1.57	2.17	2.24	4.55	1.68	3.16	1.86	1.59	1.47	1.75	2.24	2.19	1.46	1.30	1.24	1.99	1.77	1.17	1.07	1.58	0.99	1.30	1.40	1.72	0.84	0.88	1.06	0.68	0.82	0.81	0.87	0.53	0.73	0.47	0.94	0.28	1.22	0.66	0.35	0.87	0.00	2.75	0.36	0.71	0.66	0.24	0.29	2.14	0.81	0.58	0.40	2.56	2.65	0.65	0.72	2.32	1.39	2.00	1.63	2.54	1.98	1.80	1.99	2.32	3.08	2.85	3.06	3.42	3.38	3.10	3.43	3.56	2.88	2.87	3.31	2.81	3.03	1.63
3.95	4.02	4.21	2.31	3.27	1.35	3.91	3.44	2.83	2.21	1.36	1.08	3.25	3.53	3.04	4.47	4.22	3.14	2.54	4.11	2.79	1.87	3.93	1.34	2.86	3.22	3.60	2.90	2.50	3.34	3.53	3.21	2.31	2.66	1.86	2.88	1.59	2.12	2.42	3.60	2.75	0.00	3.10	3.45	2.10	2.55	2.55	0.66	2.03	3.15	2.56	0.27	0.52	2.46	3.06	2.52	2.86	2.24	3.08	4.26	3.43	3.07	2.98	3.55	2.81	3.15	3.26	2.94	3.14	5.20	5.49	5.70	5.05	4.69	5.61	4.79	4.91	3.69
1.42	2.14	2.17	4.90	1.76	3.51	1.80	1.62	1.63	2.02	2.58	2.51	1.53	1.23	1.34	1.77	1.57	1.23	1.29	1.37	1.14	1.62	1.20	2.07	0.96	0.85	0.89	0.79	1.06	0.70	0.63	0.34	1.04	0.70	1.29	0.38	1.58	1.02	0.71	0.54	0.36	3.10	0.00	0.35	1.01	0.56	0.57	2.48	1.12	0.38	0.63	2.91	2.99	0.86	0.63	2.47	1.44	2.18	1.64	2.40	1.95	1.83	2.05	2.30	3.24	2.95	3.16	3.58	3.52	2.86	3.20	3.30	2.62	2.69	3.02	2.61	2.84	1.58
1.35	2.17	2.16	5.25	1.90	3.85	1.81	1.71	1.85	2.31	2.92	2.82	1.66	1.27	1.51	1.61	1.44	1.38	1.56	1.22	1.37	1.96	1.08	2.42	1.19	0.97	0.84	1.01	1.35	0.75	0.54	0.46	1.36	1.00	1.64	0.68	1.93	1.37	1.06	0.31	0.71	3.45	0.35	0.00	1.35	0.90	0.91	2.83	1.45	0.46	0.94	3.25	3.32	1.14	0.72	2.66	1.56	2.40	1.72	2.31	1.98	1.92	2.17	2.33	3.42	3.08	3.29	3.77	3.68	2.65	2.98	3.06	2.40	2.56	2.75	2.44	2.68	1.62
2.14	2.58	2.69	4.03	1.95	2.67	2.33	1.96	1.61	1.60	1.80	1.54	1.79	1.79	1.54	2.60	2.37	1.54	1.15	2.20	1.24	1.00	2.01	1.24	1.17	1.39	1.67	1.09	0.93	1.40	1.52	1.18	0.70	0.79	0.47	0.86	0.69	0.35	0.41	1.53	0.66	2.10	1.01	1.35	0.00	0.45	0.45	1.48	0.20	1.07	0.48	1.90	1.98	0.51	1.04	1.92	1.30	1.56	1.57	2.68	1.97	1.69	1.80	2.26	2.65	2.55	2.74	2.97	2.98	3.42	3.74	3.90	3.22	3.07	3.72	3.07	3.26	2.08
1.80	2.36	2.44	4.43	1.82	3.05	2.07	1.76	1.57	1.75	2.14	1.96	1.62	1.50	1.39	2.22	2.00	1.34	1.13	1.82	1.11	1.24	1.63	1.60	0.98	1.09	1.29	0.85	0.88	1.04	1.10	0.76	0.73	0.58	0.80	0.49	1.07	0.55	0.28	1.09	0.24	2.55	0.56	0.90	0.45	0.00	0.08	1.93	0.57	0.65	0.21	2.36	2.43	0.45	0.70	2.11	1.24	1.78	1.50	2.49	1.87	1.66	1.83	2.20	2.87	2.67	2.87	3.20	3.17	3.12	3.45	3.59	2.91	2.84	3.37	2.81	3.01	1.82
1.86	2.44	2.52	4.46	1.91	3.08	2.14	1.84	1.65	1.82	2.19	1.93	1.71	1.58	1.47	2.28	2.06	1.42	1.22	1.87	1.19	1.30	1.69	1.64	1.07	1.16	1.35	0.93	0.96	1.11	1.15	0.81	0.80	0.66	0.84	0.56	1.11	0.60	0.35	1.12	0.29	2.55	0.57	0.91	0.45	0.08	0.00	1.93	0.55	0.62	0.13	2.35	2.42	0.37	0.64	2.04	1.16	1.71	1.42	2.41	1.79	1.57	1.75	2.12	2.79	2.59	2.79	3.13	3.10	3.06	3.39	3.53	2.85	2.77	3.32	2.74	2.94	1.90
3.45	3.63	3.81	2.89	2.90	1.73	3.48	3.03	2.46	1.96	1.34	0.60	2.84	3.05	2.60	3.95	3.71	2.68	2.10	3.58	2.33	1.47	3.39	1.05	2.37	2.70	3.05	2.37	2.02	2.79	2.95	2.63	1.80	2.11	1.31	2.30	1.08	1.56	1.83	3.00	2.14	0.66	2.48	2.83	1.48	1.93	1.93	0.00	1.39	2.51	1.92	0.43	0.55	1.81	2.41	1.99	2.22	1.67	2.44	3.63	2.80	2.44	2.37	2.95	2.41	2.66	2.79	2.61	2.76	4.55	4.84	5.05	4.40	4.06	4.96	4.15	4.28	3.25
2.32	2.78	2.89	4.04	2.15	2.70	2.52	2.15	1.81	1.75	1.87	1.39	1.99	1.98	1.74	2.77	2.54	1.74	1.35	2.37	1.43	1.13	2.18	1.30	1.37	1.58	1.84	1.28	1.12	1.58	1.67	1.33	0.89	0.98	0.59	1.03	0.76	0.53	0.60	1.66	0.81	2.03	1.12	1.45	0.20	0.57	0.55	1.39	0.00	1.12	0.53	1.82	1.87	0.45	1.04	1.73	1.17	1.36	1.44	2.59	1.85	1.55	1.64	2.12	2.45	2.36	2.55	2.77	2.78	3.37	3.68	3.86	3.18	2.98	3.69	3.01	3.18	2.27
1.76	2.51	2.53	5.08	2.14	3.70	2.17	2.00	2.00	2.33	2.79	2.44	1.91	1.61	1.72	2.06	1.88	1.61	1.63	1.66	1.51	1.87	1.51	2.26	1.33	1.24	1.23	1.16	1.38	1.07	0.94	0.71	1.31	1.02	1.45	0.73	1.73	1.20	0.90	0.76	0.58	3.15	0.38	0.46	1.07	0.65	0.62	2.51	1.12	0.00	0.59	2.94	2.98	0.74	0.27	2.21	1.11	1.95	1.29	2.02	1.58	1.48	1.72	1.93	2.97	2.63	2.84	3.31	3.23	2.53	2.86	2.98	2.30	2.32	2.73	2.25	2.47	1.96
1.97	2.56	2.63	4.51	2.03	3.14	2.26	1.97	1.78	1.93	2.26	1.89	1.83	1.69	1.60	2.37	2.15	1.54	1.34	1.96	1.32	1.39	1.78	1.71	1.19	1.28	1.45	1.05	1.08	1.21	1.23	0.90	0.92	0.79	0.91	0.67	1.16	0.69	0.47	1.17	0.40	2.56	0.63	0.94	0.48	0.21	0.13	1.92	0.53	0.59	0.00	2.35	2.40	0.26	0.56	1.92	1.03	1.60	1.29	2.30	1.67	1.45	1.62	1.99	2.68	2.46	2.67	3.02	2.98	2.97	3.30	3.45	2.76	2.66	3.24	2.64	2.84	2.02
3.83	3.96	4.14	2.57	3.21	1.56	3.83	3.36	2.77	2.20	1.43	0.81	3.17	3.42	2.95	4.34	4.10	3.04	2.45	3.98	2.69	1.79	3.79	1.29	2.75	3.09	3.45	2.76	2.39	3.19	3.37	3.04	2.18	2.51	1.71	2.71	1.45	1.96	2.24	3.42	2.56	0.27	2.91	3.25	1.90	2.36	2.35	0.43	1.82	2.94	2.35	0.00	0.32	2.23	2.84	2.25	2.61	1.97	2.82	4.00	3.17	2.80	2.71	3.28	2.56	2.89	3.00	2.71	2.90	4.94	5.23	5.45	4.80	4.43	5.36	4.53	4.65	3.60
4.00	4.18	4.36	2.80	3.44	1.86	4.03	3.57	3.01	2.47	1.74	0.64	3.39	3.60	3.15	4.50	4.26	3.23	2.65	4.12	2.88	2.02	3.93	1.55	2.92	3.25	3.59	2.92	2.57	3.33	3.48	3.15	2.35	2.65	1.86	2.82	1.63	2.09	2.35	3.51	2.65	0.52	2.99	3.32	1.98	2.43	2.42	0.55	1.87	2.98	2.40	0.32	0.00	2.25	2.85	2.04	2.52	1.79	2.72	3.87	3.04	2.67	2.56	3.13	2.29	2.65	2.75	2.41	2.61	4.85	5.12	5.35	4.71	4.30	5.29	4.42	4.53	3.80
